1 0
2 0
3 0
4 0
1 1
2 1
3 1
4 1
1 2
2 2
3 2
4 2
1 3
2 3
3 3
4 3
2 4
3 4
4 4
3 5
4 5
3 6
4 6
3 7
4 7
3 8
4 8
3 9
4 9
3 10
4 10
3 11
4 11
3 12
4 12
3 13
4 13
3 14
4 14
3 15
4 15
1 16
3 16
3 17
4 17
3 18
4 18
3 19
4 19
3 20
4 20
3 21
4 21
3 22
4 22
3 23
4 23
3 24
4 24
3 25
4 25
3 26
4 26
3 27
4 27
3 28
4 28
3 29
4 29
5 0
6 0
7 0
8 0
5 1
6 1
7 1
8 1
6 2
7 2
8 2
6 3
7 3
8 3
6 4
7 4
8 4
6 5
7 5
8 5
6 6
7 6
6 7
7 7
6 8
7 8
6 9
7 9
6 10
7 10
6 11
7 11
6 12
7 12
6 13
7 13
6 14
7 14
6 15
7 15
6 16
7 16
6 17
7 17
6 18
7 18
6 19
7 19
6 20
7 20
6 21
7 21
6 22
7 22
6 23
7 23
7 24
9 0
10 0
11 0
12 0
10 1
11 1
12 1
9 2
10 2
11 2
12 2
9 3
10 3
11 3
12 3
9 4
10 4
11 4
12 4
11 5
12 5
9 6
11 6
12 6
11 7
12 7
9 8
11 8
12 8
9 9
11 9
12 9
9 10
11 10
12 10
9 11
11 11
12 11
9 12
11 12
12 12
11 13
12 13
9 14
11 14
12 14
11 15
12 15
9 16
11 16
12 16
11 17
12 17
9 18
12 18
12 19
9 20
12 20
9 21
13 0
14 0
15 0
16 0
13 1
14 1
15 1
16 1
13 2
14 2
15 2
16 2
13 3
14 3
15 3
16 3
13 4
14 4
15 4
16 4
13 5
14 5
15 5
16 5
13 6
14 6
15 6
16 6
13 7
14 7
15 7
16 7
13 8
14 8
15 8
16 8
13 9
14 9
15 9
16 9
13 10
14 10
15 10
16 10
13 11
14 11
16 11
13 12
14 12
16 12
14 13
16 13
14 14
16 14
14 15
16 15
14 16
16 16
14 17
16 17
14 18
16 18
14 19
16 19
14 20
16 20
14 21
16 21
14 22
16 22
14 23
16 23
14 24
16 24
14 25
16 25
14 26
16 26
14 27
16 27
14 28
14 29
14 30
14 31
17 0
18 0
19 0
20 0
17 1
18 1
19 1
20 1
17 2
18 2
19 2
20 2
17 3
18 3
19 3
20 3
17 4
18 4
19 4
20 4
17 5
18 5
19 5
20 5
17 6
18 6
19 6
20 6
17 7
18 7
19 7
20 7
17 8
18 8
19 8
20 8
17 9
18 9
19 9
20 9
17 10
18 10
19 10
20 10
17 11
18 11
19 11
20 11
17 12
18 12
19 12
20 12
17 13
18 13
19 13
20 13
17 14
18 14
19 14
20 14
17 15
18 15
19 15
20 15
17 16
18 16
19 16
20 16
17 17
18 17
19 17
20 17
17 18
18 18
19 18
20 18
17 19
18 19
19 19
20 19
17 20
18 20
19 20
20 20
17 21
18 21
19 21
20 21
17 22
18 22
19 22
20 22
17 23
18 23
19 23
20 23
17 24
19 24
20 24
17 25
19 25
20 25
17 26
19 26
20 26
17 27
19 27
20 27
19 28
20 28
19 29
19 30
21 0
22 0
23 0
24 0
22 1
23 1
24 1
22 2
23 2
24 2
22 3
23 3
24 3
22 4
23 4
24 4
22 5
23 5
24 5
22 6
23 6
24 6
22 7
23 7
24 7
22 8
24 8
22 9
24 9
22 10
24 10
22 11
24 11
22 12
24 12
22 13
24 13
22 14
24 14
22 15
24 15
24 16
24 17
25 0
26 0
27 0
28 0
25 1
26 1
27 1
28 1
25 2
26 2
27 2
28 2
25 3
26 3
27 3
28 3
25 4
26 4
27 4
28 4
25 5
26 5
27 5
28 5
25 6
26 6
27 6
28 6
25 7
26 7
27 7
28 7
25 8
26 8
27 8
28 8
25 9
26 9
27 9
25 10
26 10
27 10
25 11
26 11
27 11
25 12
26 12
27 12
25 13
26 13
27 13
25 14
26 14
27 14
25 15
26 15
27 15
25 16
26 16
27 16
25 17
26 17
25 18
25 19
25 20
25 21
25 22
25 23
25 24
25 25
25 26
25 27
25 28
29 0
30 0
31 0
32 0
30 1
31 1
32 1
31 2
32 2
30 3
31 3
32 3
31 4
31 5
31 6
31 7
31 8
31 9
31 10
31 11
31 12
31 13
31 14
31 15
31 16
31 17
31 18
31 19
31 20
31 21
31 22
31 23
31 24
31 25
31 26
31 27
31 28
31 29
31 30
31 31
33 0
34 0
35 0
36 0
33 1
34 1
35 1
36 1
33 2
34 2
35 2
36 2
33 3
34 3
35 3
36 3
33 4
34 4
35 4
36 4
33 5
34 5
35 5
33 6
34 6
35 6
33 7
34 7
35 7
33 8
34 8
35 8
33 9
34 9
35 9
33 10
34 10
35 10
33 11
34 11
35 11
33 12
34 12
35 12
33 13
34 13
35 13
33 14
34 14
35 14
33 15
34 15
35 15
33 16
34 16
35 16
33 17
34 17
35 17
33 18
34 18
35 18
33 19
34 19
35 19
33 20
36 28
37 0
38 0
39 0
40 0
37 1
38 1
39 1
40 1
37 2
38 2
39 2
40 2
37 3
38 3
39 3
40 3
37 4
38 4
39 4
40 4
37 5
38 5
39 5
40 5
37 6
38 6
39 6
40 6
37 7
38 7
39 7
40 7
37 8
38 8
39 8
40 8
37 9
38 9
39 9
40 9
37 10
38 10
39 10
40 10
37 11
38 11
39 11
40 11
37 12
38 12
40 12
37 13
38 13
40 13
37 14
38 14
40 14
37 15
38 15
40 15
37 16
38 16
40 16
37 17
38 17
40 17
37 18
38 18
37 19
38 19
37 20
38 20
37 21
38 21
37 22
38 22
37 23
38 23
37 24
38 24
37 25
38 25
37 26
38 26
37 27
38 27
37 28
38 28
37 29
38 29
37 30
38 30
38 31
41 0
42 0
43 0
44 0
41 1
42 1
43 1
41 2
42 2
43 2
41 3
42 3
43 3
41 4
42 4
43 4
41 5
42 5
43 5
41 6
42 6
43 6
41 7
42 7
43 7
41 8
42 8
43 8
41 9
42 9
43 9
41 10
42 10
43 10
41 11
42 11
43 11
41 12
42 12
43 12
41 13
42 13
43 13
41 14
42 14
43 14
41 15
42 15
43 15
41 16
42 16
43 16
41 17
42 17
43 17
41 18
42 18
43 18
41 19
42 19
43 19
41 20
42 20
43 20
41 21
42 21
43 21
41 22
42 22
43 22
41 23
42 23
43 23
41 24
42 24
43 24
41 25
45 0
46 0
47 0
48 0
45 1
46 1
47 1
48 1
45 2
46 2
47 2
48 2
45 3
46 3
47 3
48 3
45 4
46 4
47 4
48 4
45 5
46 5
47 5
48 5
45 6
46 6
47 6
48 6
46 7
47 7
48 7
46 8
47 8
48 8
46 9
47 9
48 9
46 10
47 10
48 10
46 11
48 11
46 12
48 12
46 13
48 13
46 14
48 14
46 15
48 15
48 16
48 17
48 18
48 19
48 20
48 21
48 22
48 23
48 24
48 25
48 26
49 0
50 0
49 1
50 1
49 2
50 2
49 3
50 3
49 4
50 4
49 5
50 5
49 6
50 6
49 7
50 7
49 8
50 8
49 9
50 9
49 10
50 10
49 11
49 12
49 13
49 14
49 15
49 16
49 17
49 18
49 19
49 20
49 21
49 22
49 23
49 24
