1 0
1 1
1 2
1 3
1 16
2 0
2 1
2 2
2 3
2 4
3 0
3 1
3 2
3 3
3 4
3 5
3 6
3 7
3 8
3 9
3 10
3 11
3 12
3 13
3 14
3 15
3 16
3 17
3 18
3 19
3 20
3 21
3 22
3 23
3 24
3 25
3 26
3 27
3 28
3 29
4 0
4 1
4 2
4 3
4 4
4 5
4 6
4 7
4 8
4 9
4 10
4 11
4 12
4 13
4 14
4 15
4 17
4 18
4 19
4 20
4 21
4 22
4 23
4 24
4 25
4 26
4 27
4 28
4 29
4 30
4 31
4 32
4 33
4 34
4 35
4 36
4 37
4 38
4 39
4 40
4 41
4 42
4 43
4 44
4 45
4 46
4 47
4 48
4 49
4 50
4 51
4 52
4 53
4 54
4 55
4 56
4 57
4 58
4 59
4 60
4 61
4 62
4 63
4 64
4 65
4 66
4 67
4 68
4 69
4 70
4 71
4 72
4 73
4 74
4 75
4 76
4 77
4 78
5 0
5 1
6 0
6 1
6 2
6 3
6 4
6 5
6 6
6 7
6 8
6 9
6 10
6 11
6 12
6 13
6 14
6 15
6 16
6 17
6 18
6 19
6 20
6 21
6 22
6 23
6 24
6 25
6 26
6 27
6 28
6 29
6 30
6 31
6 32
6 33
6 34
6 35
6 36
6 37
6 38
6 39
6 40
6 41
6 42
6 43
6 44
6 45
6 46
6 47
6 48
6 49
6 50
6 51
6 52
6 53
6 54
6 55
6 56
6 57
6 58
6 59
6 60
6 61
6 62
6 63
6 64
6 65
6 66
6 67
6 68
6 69
6 70
6 71
6 72
6 73
6 74
6 75
6 76
6 77
6 78
6 79
6 80
6 81
6 82
6 83
6 84
6 85
6 86
6 87
6 88
6 89
6 90
6 91
6 92
6 93
6 94
6 95
6 96
6 97
6 98
6 99
6 100
6 101
6 102
6 103
6 104
6 105
6 106
6 107
6 108
6 109
6 110
6 111
6 112
6 113
6 114
6 115
6 116
6 117
6 118
6 119
6 120
6 121
6 122
6 123
6 124
6 125
6 126
6 127
6 128
6 129
6 130
6 131
6 132
6 133
6 134
6 135
6 136
6 137
6 138
6 139
6 140
6 141
6 142
6 143
6 144
6 145
6 146
6 147
6 148
6 149
6 150
6 151
6 152
6 153
6 154
6 155
6 156
6 157
6 158
6 159
6 160
6 161
6 162
6 163
6 164
6 165
6 166
6 167
6 168
6 169
6 170
6 171
6 172
6 173
6 174
6 175
6 176
6 177
6 178
6 179
6 180
6 181
6 182
6 183
6 184
6 185
6 186
6 187
6 188
6 189
6 190
6 191
6 192
6 193
6 194
6 195
6 196
6 197
6 198
6 199
6 200
6 201
6 202
6 203
6 204
6 205
6 206
6 207
6 208
6 209
6 210
6 211
6 212
6 223
6 224
6 225
6 226
6 227
6 228
6 229
6 230
6 231
6 232
6 233
6 234
6 235
6 236
6 237
6 238
6 239
6 240
6 241
6 242
6 243
6 244
6 245
6 246
6 247
6 248
6 249
6 250
6 251
6 252
6 253
6 254
6 255
6 256
6 257
6 258
6 259
6 260
6 261
6 262
6 263
6 264
6 265
6 266
6 267
6 268
6 269
6 270
6 271
6 272
6 273
6 274
6 275
6 276
6 277
6 278
6 279
6 280
6 281
6 282
6 283
6 284
6 285
6 286
6 287
6 288
6 289
6 290
6 291
6 292
6 293
6 294
6 295
6 296
6 297
6 298
6 299
6 300
6 301
6 302
6 303
6 304
6 305
6 306
6 307
6 308
6 309
6 310
6 311
6 312
6 313
6 314
6 315
6 316
6 317
6 318
6 319
6 320
6 321
6 322
6 323
6 324
6 325
6 326
6 327
6 328
6 329
6 330
6 331
6 332
6 333
6 334
6 335
6 336
6 337
6 338
6 339
6 340
6 341
6 342
6 343
6 344
6 345
6 346
6 347
6 348
6 349
6 350
6 351
6 352
6 353
6 354
6 355
6 356
6 357
6 358
6 359
6 360
6 361
6 362
6 363
6 364
6 365
6 366
6 367
6 368
6 369
6 370
6 371
6 372
6 373
6 374
6 375
6 376
6 377
6 378
6 379
6 380
6 381
6 382
6 383
6 384
6 385
6 386
6 387
6 388
6 389
6 390
6 391
6 392
6 393
6 394
6 395
6 396
6 397
6 398
6 399
6 400
6 401
6 402
6 403
6 404
6 405
6 406
6 407
6 408
6 409
6 410
6 411
6 412
6 413
6 414
6 415
6 416
6 417
6 418
6 419
6 420
6 421
6 422
6 423
6 424
6 425
6 426
6 427
6 428
6 429
6 430
6 431
6 432
6 433
6 434
6 435
6 436
6 437
6 438
6 439
6 440
6 441
6 442
6 443
6 444
6 445
6 446
6 447
6 448
6 449
6 450
6 451
6 452
6 453
6 454
6 455
6 456
6 457
6 458
6 459
6 460
6 461
6 462
6 463
6 464
6 465
6 466
6 467
6 468
6 469
6 470
6 471
6 472
6 473
6 474
6 475
6 476
6 477
6 478
6 479
6 480
6 481
6 482
6 483
6 484
6 485
6 486
6 487
6 488
6 489
6 490
6 491
6 492
6 493
6 494
6 495
6 496
6 497
6 498
6 499
6 500
6 501
6 502
6 503
6 504
6 505
6 506
6 507
6 508
6 509
6 510
6 511
6 512
6 513
6 514
6 515
6 516
6 517
6 518
6 519
6 520
6 521
6 522
6 523
6 524
6 525
6 526
6 527
6 528
6 529
6 530
6 531
6 532
6 533
6 534
6 535
6 536
6 537
6 538
6 539
6 540
6 541
6 542
6 543
6 544
6 545
6 546
6 547
6 548
6 549
6 550
6 551
6 552
6 553
6 554
6 555
6 556
6 557
6 558
6 559
6 560
6 561
6 562
6 563
6 564
6 565
6 566
6 567
6 568
6 569
6 570
6 571
6 572
6 573
6 574
6 575
6 576
6 577
6 578
6 579
6 580
6 581
6 582
6 583
6 584
6 585
6 586
6 587
6 588
6 589
6 590
6 591
6 592
6 593
6 594
6 595
6 596
6 597
6 598
6 599
6 600
6 601
6 602
6 603
6 604
6 605
6 606
6 607
6 608
6 609
6 610
6 611
6 612
6 613
6 614
6 615
6 616
6 617
6 618
6 619
6 620
6 621
6 622
6 623
6 624
6 625
6 626
6 627
6 628
6 629
6 630
6 631
6 632
6 633
6 634
6 635
6 636
6 637
6 638
6 639
6 640
6 641
6 642
6 643
6 644
6 645
6 646
6 647
6 648
6 649
6 650
6 651
6 652
6 653
6 654
6 655
6 656
6 657
6 658
6 659
6 660
6 661
6 662
6 663
6 664
6 665
6 666
6 667
6 668
6 669
6 670
6 671
6 672
6 673
6 674
6 675
6 676
6 677
6 678
6 679
6 680
6 681
6 682
6 683
6 684
6 685
6 686
6 687
6 688
6 689
6 690
6 691
6 692
6 693
6 694
6 695
6 696
6 697
6 698
6 699
6 700
6 701
6 702
6 703
6 704
6 705
6 706
6 707
6 708
6 709
6 710
6 711
6 712
6 713
6 714
6 715
6 716
6 717
6 718
6 719
6 720
6 721
6 722
6 723
6 724
6 725
6 726
6 727
6 728
6 729
6 730
6 731
6 732
6 733
6 734
6 735
6 736
6 737
6 738
6 739
6 740
6 741
6 742
6 743
6 744
6 745
6 746
6 747
6 748
6 749
6 750
6 751
6 752
6 753
6 754
6 755
6 756
6 757
6 758
6 759
6 760
6 761
6 762
6 763
6 764
6 765
6 766
6 767
6 768
6 769
6 770
6 771
6 772
6 773
6 774
6 775
6 776
6 777
6 778
6 779
6 780
6 781
6 782
6 783
6 784
6 785
6 786
6 787
6 788
6 789
6 790
6 791
6 792
6 793
6 794
6 795
6 796
6 797
6 798
6 799
6 800
6 801
6 802
6 803
6 804
6 805
6 806
6 807
6 808
6 809
6 810
6 811
6 812
6 813
6 814
6 815
6 816
6 817
6 818
6 819
6 820
6 821
6 822
6 823
6 824
6 825
6 826
6 827
6 828
6 829
6 830
6 831
6 832
6 833
6 834
6 835
6 836
6 837
6 838
6 839
6 840
6 841
6 842
6 843
6 844
6 845
6 846
6 847
6 848
6 849
6 850
6 851
6 852
6 853
6 854
6 855
6 856
6 857
6 858
6 859
6 860
6 861
6 862
6 863
6 864
6 865
6 866
6 867
6 868
6 869
6 870
6 871
6 872
6 873
6 874
6 875
6 876
6 877
6 878
6 879
6 880
6 881
6 882
6 883
6 884
6 885
6 886
6 887
6 888
6 889
6 890
6 891
6 892
6 893
6 894
6 895
6 896
6 897
6 898
6 899
6 900
6 901
6 902
6 903
6 904
6 905
6 906
6 907
6 908
6 909
6 910
6 911
6 912
6 913
6 914
6 915
6 916
6 917
6 918
6 919
6 920
6 921
6 922
6 923
6 924
6 925
6 926
6 927
6 928
6 929
6 930
6 931
6 932
6 933
6 934
6 935
6 936
6 937
6 938
6 939
6 940
6 941
6 942
6 943
6 944
6 945
6 946
6 947
6 948
6 949
6 950
6 951
6 952
6 953
6 954
6 955
6 956
6 957
6 958
6 959
6 960
6 961
6 962
6 963
6 964
6 965
6 966
6 967
6 968
6 969
6 970
6 971
6 972
6 973
6 974
6 975
6 976
6 977
6 978
6 979
6 980
6 981
6 982
6 983
6 984
6 985
6 986
6 987
6 988
6 989
6 990
6 991
6 992
6 993
6 994
6 995
6 996
6 997
6 998
6 999
6 1000
6 1001
6 1002
6 1003
6 1004
6 1005
6 1006
6 1007
6 1008
6 1009
6 1010
6 1011
6 1012
6 1013
6 1014
6 1015
6 1016
6 1017
6 1018
6 1019
6 1020
6 1021
6 1022
6 1023
6 1024
6 1025
6 1026
6 1027
6 1028
6 1029
6 1030
6 1031
6 1032
6 1033
6 1034
6 1035
6 1036
6 1037
6 1038
6 1039
6 1040
6 1041
6 1042
6 1043
6 1044
6 1045
6 1046
6 1047
6 1048
6 1049
6 1050
6 1051
6 1052
6 1053
6 1054
6 1055
6 1056
6 1057
6 1058
6 1059
6 1060
6 1061
6 1062
6 1063
6 1064
6 1065
6 1066
6 1067
6 1068
6 1069
6 1070
6 1071
6 1072
6 1073
6 1074
6 1075
6 1076
6 1077
6 1078
6 1079
6 1080
6 1081
6 1082
6 1083
6 1084
6 1085
6 1086
6 1087
6 1088
6 1089
6 1090
6 1091
6 1092
6 1093
6 1094
6 1095
6 1096
6 1097
6 1098
6 1099
6 1100
6 1101
6 1102
6 1103
6 1104
6 1105
6 1106
6 1107
6 1108
6 1109
6 1110
6 1111
6 1112
6 1113
6 1114
6 1115
6 1116
6 1117
6 1118
6 1119
6 1120
6 1121
6 1122
6 1123
6 1124
6 1125
6 1126
6 1127
6 1128
6 1129
6 1130
6 1131
6 1132
6 1133
6 1134
6 1135
6 1136
6 1137
6 1138
6 1139
6 1140
6 1141
6 1142
6 1143
6 1144
6 1145
6 1146
6 1147
6 1148
6 1149
6 1150
6 1151
6 1152
6 1153
6 1154
6 1155
6 1156
6 1157
6 1158
6 1159
6 1160
6 1161
6 1162
6 1163
6 1164
6 1165
6 1166
6 1167
6 1168
6 1169
6 1170
6 1171
6 1172
6 1173
6 1174
6 1175
6 1176
6 1177
6 1178
6 1179
6 1180
6 1181
6 1182
6 1183
6 1184
6 1185
6 1186
6 1187
6 1188
6 1189
6 1190
6 1191
6 1192
6 1193
6 1194
6 1195
6 1196
6 1197
6 1198
6 1199
6 1200
6 1201
6 1202
6 1203
6 1204
6 1205
6 1206
6 1207
6 1208
6 1209
6 1210
6 1211
6 1212
6 1213
6 1214
6 1215
6 1216
6 1217
6 1218
6 1219
6 1220
6 1221
6 1222
6 1223
6 1224
6 1225
6 1226
6 1227
6 1228
6 1229
6 1230
6 1231
6 1232
6 1233
6 1234
6 1235
6 1236
6 1237
6 1238
6 1239
6 1240
6 1241
6 1242
6 1243
6 1244
6 1245
6 1246
6 1247
6 1248
6 1249
6 1250
6 1251
6 1252
6 1253
6 1254
6 1255
6 1256
6 1257
6 1258
6 1259
6 1260
6 1261
6 1262
6 1263
6 1264
6 1265
6 1266
6 1267
6 1268
6 1269
6 1270
6 1271
6 1272
6 1273
6 1274
6 1275
6 1276
6 1277
6 1278
6 1279
6 1280
6 1281
6 1282
6 1283
6 1284
6 1285
6 1286
6 1287
6 1288
6 1289
6 1290
6 1291
6 1292
6 1293
6 1294
6 1295
6 1296
6 1297
6 1298
6 1299
6 1300
6 1301
6 1302
6 1303
6 1304
6 1305
6 1306
6 1307
6 1308
6 1309
6 1310
6 1311
6 1312
6 1313
6 1314
6 1315
6 1316
6 1317
6 1318
6 1319
6 1320
6 1321
6 1322
6 1323
6 1324
6 1325
6 1326
6 1327
6 1328
6 1329
6 1330
6 1331
6 1332
6 1333
6 1334
6 1335
6 1336
6 1337
6 1338
6 1339
6 1340
6 1341
6 1342
6 1343
6 1344
6 1345
6 1346
6 1347
6 1348
6 1349
6 1350
6 1351
6 1352
6 1353
6 1354
6 1355
6 1356
6 1357
6 1358
6 1359
6 1360
6 1361
6 1362
6 1363
6 1364
6 1365
6 1366
6 1367
6 1368
6 1369
6 1370
6 1371
6 1372
6 1373
6 1374
6 1375
6 1376
6 1377
6 1378
6 1379
6 1380
6 1381
6 1382
6 1383
6 1384
6 1385
6 1386
6 1387
6 1388
6 1389
6 1390
6 1391
6 1392
6 1393
6 1394
6 1395
6 1396
6 1397
6 1398
6 1399
6 1400
6 1401
6 1402
6 1403
6 1404
6 1405
6 1406
6 1407
6 1408
6 1409
6 1410
6 1411
6 1412
6 1413
6 1414
6 1415
6 1416
6 1417
6 1418
6 1419
6 1420
6 1421
6 1422
6 1423
6 1424
6 1425
6 1426
6 1427
6 1428
6 1429
6 1430
6 1431
6 1432
6 1433
6 1434
6 1435
6 1436
6 1437
6 1438
6 1439
6 1440
6 1441
6 1442
6 1443
6 1445
6 1446
6 1447
6 1448
6 1449
6 1450
6 1451
6 1452
6 1453
6 1454
6 1455
6 1456
6 1457
6 1458
6 1459
6 1460
6 1461
6 1462
6 1463
6 1464
6 1465
6 1466
6 1467
6 1468
6 1469
6 1470
6 1471
6 1472
6 1473
6 1474
6 1475
6 1476
6 1477
6 1478
6 1479
6 1480
6 1481
6 1482
6 1483
6 1484
6 1485
6 1486
6 1487
6 1488
6 1489
6 1490
6 1491
6 1492
6 1493
6 1494
6 1495
6 1496
6 1497
6 1498
6 1499
6 1500
6 1501
6 1502
6 1503
6 1504
6 1505
6 1506
6 1507
6 1508
6 1509
6 1510
6 1511
6 1512
6 1513
6 1514
6 1515
6 1516
6 1517
6 1518
6 1519
6 1520
6 1521
6 1522
6 1523
6 1524
6 1525
6 1526
6 1527
6 1528
6 1529
6 1530
6 1531
6 1532
6 1533
6 1534
6 1535
6 1536
6 1537
6 1538
6 1539
6 1540
6 1541
6 1542
6 1543
6 1544
6 1545
6 1546
6 1547
6 1548
6 1549
6 1550
6 1551
6 1552
6 1553
6 1554
6 1555
6 1556
6 1557
6 1558
6 1559
6 1560
6 1561
6 1562
6 1563
6 1564
6 1565
6 1566
6 1567
6 1568
6 1569
6 1570
6 1571
6 1572
6 1573
6 1574
6 1575
6 1576
6 1577
6 1578
6 1579
6 1580
6 1581
6 1582
6 1583
6 1584
6 1585
6 1586
6 1587
6 1588
6 1589
6 1590
6 1591
6 1592
6 1593
6 1594
6 1595
6 1596
6 1597
6 1598
6 1599
6 1600
6 1601
6 1602
6 1603
6 1604
6 1605
6 1606
6 1607
6 1608
6 1609
6 1610
6 1611
6 1612
6 1613
6 1614
6 1615
6 1616
6 1617
6 1618
6 1619
6 1620
6 1621
6 1622
6 1623
6 1624
6 1625
6 1626
6 1627
6 1628
6 1629
6 1630
6 1631
6 1632
6 1633
6 1634
6 1635
6 1636
6 1637
6 1638
6 1639
6 1640
6 1641
6 1642
6 1643
6 1644
6 1645
6 1646
6 1647
6 1648
6 1649
6 1650
6 1651
6 1652
6 1653
6 1654
6 1655
6 1656
6 1657
6 1658
6 1659
6 1660
6 1661
6 1662
6 1663
6 1664
6 1665
6 1666
6 1667
6 1668
6 1669
6 1670
6 1671
6 1672
6 1673
6 1674
6 1675
6 1676
6 1677
6 1678
6 1679
6 1680
6 1681
6 1682
6 1683
6 1684
6 1685
6 1686
6 1687
6 1688
6 1689
6 1690
6 1691
6 1692
6 1693
6 1694
6 1695
6 1696
6 1697
6 1698
6 1699
6 1700
6 1701
6 1702
6 1703
6 1704
6 1705
6 1706
6 1707
6 1708
6 1709
6 1710
6 1711
6 1712
6 1713
6 1714
6 1715
6 1716
6 1717
6 1718
6 1719
6 1720
6 1721
6 1722
6 1723
6 1724
6 1725
6 1726
6 1727
6 1728
6 1729
6 1730
6 1731
6 1732
6 1733
6 1734
6 1735
6 1736
6 1737
6 1738
6 1739
6 1740
6 1741
6 1742
6 1743
6 1744
6 1745
6 1746
6 1747
6 1748
6 1749
6 1750
6 1751
6 1752
6 1753
6 1754
6 1755
6 1756
6 1757
6 1758
6 1759
6 1760
6 1761
6 1762
6 1763
6 1764
6 1765
6 1766
6 1767
6 1768
6 1769
6 1770
6 1771
6 1772
6 1773
6 1774
6 1775
6 1776
6 1777
6 1778
6 1779
6 1780
6 1781
6 1782
6 1783
6 1784
6 1785
6 1786
6 1787
6 1788
6 1789
6 1790
6 1791
6 1792
6 1793
6 1794
6 1795
6 1796
6 1797
6 1798
6 1799
6 1800
6 1801
6 1802
6 1803
6 1804
6 1805
6 1806
6 1807
6 1808
6 1809
6 1810
6 1811
6 1812
6 1813
6 1814
6 1815
6 1816
6 1817
6 1818
6 1819
6 1820
6 1821
6 1822
6 1823
6 1824
6 1825
6 1826
6 1827
6 1828
6 1829
6 1830
6 1831
6 1832
6 1833
6 1834
6 1835
6 1836
6 1837
6 1838
6 1839
6 1840
6 1841
6 1842
6 1843
6 1844
6 1845
6 1846
6 1847
6 1848
6 1849
6 1850
6 1851
6 1852
6 1853
6 1854
6 1855
6 1856
6 1857
6 1858
6 1859
6 1860
6 1861
6 1862
6 1863
6 1864
6 1865
6 1866
6 1867
6 1868
6 1869
6 1870
6 1871
6 1872
6 1873
6 1874
6 1875
6 1876
6 1877
6 1878
6 1879
6 1880
6 1881
6 1882
6 1883
6 1884
6 1885
6 1886
6 1887
6 1888
6 1889
6 1890
6 1891
6 1892
6 1893
6 1894
6 1895
6 1896
6 1897
6 1898
6 1899
6 1900
6 1901
6 1902
6 1903
6 1904
6 1905
6 1906
6 1907
6 1908
6 1909
6 1910
6 1911
6 1912
6 1913
6 1914
6 1915
6 1916
6 1917
6 1918
6 1919
6 1920
6 1921
6 1922
6 1923
6 1924
6 1925
6 1926
6 1927
6 1928
6 1929
6 1930
6 1931
6 1932
6 1933
6 1934
6 1935
6 1936
6 1937
6 1938
6 1939
6 1940
6 1941
6 1942
6 1943
6 1944
6 1945
6 1946
6 1947
6 1948
6 1949
6 1950
6 1951
6 1952
6 1953
6 1954
6 1955
6 1956
6 1957
6 1958
6 1959
6 1960
6 1961
6 1962
6 1963
6 1964
6 1965
6 1966
6 1967
6 1968
6 1969
6 1970
6 1971
6 1972
6 1973
6 1974
6 1975
6 1976
6 1977
6 1978
6 1979
6 1980
6 1981
6 1982
6 1983
6 1984
6 1985
6 1986
6 1987
6 1988
6 1989
6 1990
6 1991
6 1992
6 1993
6 1994
6 1995
6 1996
6 1997
6 1998
6 1999
6 2001
6 2002
6 2003
6 2004
6 2005
6 2006
6 2007
6 2008
6 2009
6 2010
6 2011
6 2012
6 2013
6 2014
6 2015
6 2016
6 2017
6 2018
6 2019
6 2020
6 2021
6 2022
6 2023
6 2024
6 2025
6 2026
6 2027
6 2028
6 2029
6 2030
6 2031
6 2032
6 2033
6 2034
6 2035
6 2036
6 2037
6 2038
6 2039
6 2040
6 2041
6 2042
6 2043
6 2044
6 2045
6 2046
6 2047
6 2048
6 2049
6 2050
6 2051
6 2052
6 2053
6 2054
6 2055
6 2056
6 2057
6 2058
6 2059
6 2060
6 2061
6 2062
6 2063
6 2064
6 2065
6 2066
6 2067
6 2068
6 2069
6 2070
6 2071
6 2072
6 2073
6 2074
6 2075
6 2076
6 2077
6 2078
6 2079
6 2080
6 2081
6 2082
6 2083
6 2084
6 2085
6 2086
6 2087
6 2088
6 2089
6 2090
6 2091
6 2092
6 2093
6 2094
6 2095
6 2096
6 2097
6 2098
6 2099
6 2100
6 2101
6 2102
6 2103
6 2104
6 2105
6 2106
6 2107
6 2108
6 2109
6 2110
6 2111
6 2112
6 2113
6 2114
6 2115
6 2116
6 2117
6 2118
6 2119
6 2120
6 2121
6 2122
6 2123
6 2124
6 2125
6 2126
6 2127
6 2128
6 2129
6 2130
6 2131
6 2132
6 2133
6 2134
6 2135
6 2136
6 2137
6 2138
6 2139
6 2140
6 2141
6 2142
6 2143
6 2144
6 2145
6 2146
6 2147
6 2148
6 2149
6 2150
6 2151
6 2152
6 2153
6 2154
6 2155
6 2156
6 2157
6 2158
6 2159
6 2160
6 2161
6 2162
6 2163
6 2164
6 2165
6 2166
6 2167
6 2168
6 2169
6 2170
6 2171
6 2172
6 2173
6 2174
6 2175
6 2176
6 2177
6 2178
6 2179
6 2180
6 2181
6 2182
6 2183
6 2184
6 2185
6 2186
6 2187
6 2188
6 2189
6 2190
6 2191
6 2192
6 2193
6 2194
6 2195
6 2196
6 2197
6 2198
6 2199
6 2200
6 2201
6 2202
6 2203
6 2204
6 2205
6 2206
6 2207
6 2208
6 2209
6 2210
6 2211
6 2212
6 2213
6 2214
6 2215
6 2216
6 2217
6 2218
6 2219
6 2220
6 2221
6 2222
6 2223
6 2224
6 2225
6 2226
6 2227
6 2228
6 2229
6 2230
6 2231
7 0
7 1
7 2
7 3
7 4
7 5
7 6
7 7
7 8
7 9
7 10
7 11
7 12
7 13
7 14
7 15
7 16
7 17
7 18
7 19
7 20
7 21
7 22
7 23
7 24
7 25
7 26
7 27
7 28
7 29
7 30
7 31
7 32
7 33
7 34
7 35
7 36
7 37
7 38
7 39
7 40
7 41
7 42
7 43
7 44
7 45
7 46
7 47
7 48
7 49
7 50
7 51
7 52
7 53
7 54
7 55
7 56
7 57
7 58
7 59
7 60
7 61
7 62
7 63
7 64
8 0
8 1
8 2
8 3
8 4
8 5
9 0
9 2
9 3
9 4
9 6
9 8
9 9
9 10
9 11
9 12
9 14
9 16
9 18
9 20
9 21
9 22
9 23
9 24
9 25
9 26
9 28
9 29
9 30
9 32
9 33
9 34
9 36
9 37
9 38
9 39
9 40
9 42
9 43
9 44
9 45
9 46
9 48
9 50
9 51
9 52
9 53
9 54
9 56
9 58
9 59
9 60
9 62
9 63
9 64
9 66
9 67
9 68
9 69
9 70
9 72
9 73
9 74
9 75
9 76
9 77
9 78
9 79
9 80
9 81
9 82
9 83
9 84
9 86
9 87
9 88
9 90
9 92
9 94
9 95
9 96
9 98
9 100
9 101
9 102
9 104
9 106
9 108
9 109
9 110
9 111
9 112
9 113
9 114
9 115
9 116
9 117
9 118
9 119
9 120
9 122
9 123
9 124
9 126
9 128
9 130
9 131
9 132
9 133
9 134
9 136
9 138
9 139
9 140
9 141
9 142
9 143
9 144
9 146
9 147
9 148
9 150
9 152
9 153
9 154
9 156
9 157
9 158
9 160
9 161
9 162
9 163
9 164
9 165
9 166
9 167
9 168
9 169
9 170
9 172
9 174
9 175
9 176
9 178
9 180
9 181
9 182
9 183
9 184
9 185
9 186
9 188
9 189
9 190
9 192
9 194
9 196
9 198
9 200
9 201
9 202
9 203
9 204
9 206
9 208
9 209
9 210
9 211
9 212
9 214
9 215
9 216
9 217
9 218
9 219
9 220
9 221
9 222
9 223
9 224
9 226
9 228
9 230
9 232
9 234
9 235
9 236
9 237
9 238
9 239
9 240
9 242
9 243
9 244
9 245
9 246
9 247
9 248
9 249
9 250
9 251
9 252
9 253
9 254
9 255
9 256
9 258
9 260
9 261
9 262
9 264
9 265
9 266
9 268
9 269
9 270
9 272
9 273
9 274
9 276
9 278
9 279
9 280
9 281
9 282
9 283
9 284
9 286
9 288
9 290
9 292
9 294
9 296
9 297
9 298
9 300
9 301
9 302
9 303
9 304
9 305
9 306
9 307
9 308
9 309
9 310
9 311
9 312
9 314
9 315
9 316
9 318
9 320
9 322
9 324
9 325
9 326
9 327
9 328
9 330
9 332
9 333
9 334
9 336
9 337
9 338
9 339
9 340
9 342
9 343
9 344
9 345
9 346
9 347
9 348
9 349
9 350
9 352
9 354
9 355
9 356
9 357
9 358
9 360
9 361
9 362
9 363
9 364
9 365
9 366
9 368
9 369
9 370
9 372
9 374
9 375
9 376
9 377
9 378
9 380
9 382
9 384
9 386
9 387
9 388
9 390
9 392
9 394
9 396
9 398
9 400
9 402
9 404
9 406
9 407
9 408
9 409
9 410
9 411
9 412
9 414
9 415
9 416
9 418
9 419
9 420
9 421
9 422
9 424
9 425
9 426
9 427
9 428
9 429
9 430
9 431
9 432
9 433
9 434
9 435
9 436
9 437
9 438
9 439
9 440
9 441
9 442
9 443
9 444
9 446
9 448
9 450
9 452
9 454
9 456
9 458
9 459
9 460
9 462
9 463
9 464
9 466
9 468
9 470
9 471
9 472
9 474
9 476
9 477
9 478
9 479
9 480
9 481
9 482
9 483
9 484
9 485
9 486
9 488
9 490
9 491
9 492
9 494
9 496
9 497
9 498
9 500
9 501
9 502
9 504
9 506
9 508
9 510
9 511
9 512
9 514
9 516
9 518
9 519
9 520
9 522
9 524
9 525
9 526
9 528
9 529
9 530
9 532
9 534
9 536
9 538
9 539
9 540
9 542
9 544
9 545
9 546
9 548
9 549
9 550
9 551
9 552
9 553
9 554
9 555
9 556
9 557
9 558
9 562
9 563
9 564
9 566
9 568
9 569
9 570
9 571
9 572
9 574
9 575
9 576
9 577
9 578
9 580
9 581
9 582
9 583
9 584
9 585
9 586
9 587
9 588
9 589
9 590
9 592
9 594
9 595
9 596
9 597
9 598
9 600
9 601
9 602
9 604
9 605
9 606
9 607
9 608
9 610
9 612
9 613
9 614
9 615
9 616
9 618
9 620
9 622
9 623
9 624
9 626
9 628
9 630
9 631
9 632
9 634
9 636
9 637
9 638
9 639
9 640
9 642
9 644
9 645
9 646
9 648
9 649
9 650
9 651
9 652
9 654
9 655
9 656
9 657
9 658
9 660
9 662
9 663
9 664
9 666
9 667
9 668
9 669
9 670
9 672
9 673
9 674
9 676
9 678
9 679
9 680
9 681
9 682
9 683
9 684
9 685
9 686
9 688
9 689
9 690
9 692
9 693
9 694
9 695
9 696
9 698
9 699
9 700
9 702
9 704
9 706
9 707
9 708
9 710
9 712
9 713
9 714
9 716
9 718
9 720
9 722
9 724
9 726
9 728
9 729
9 730
9 732
9 734
9 735
9 736
9 737
9 738
9 739
9 740
9 741
9 742
9 744
9 746
9 748
9 750
9 751
9 752
9 753
9 754
9 756
9 758
9 760
9 761
9 762
9 764
9 765
9 766
9 768
9 770
9 772
9 773
9 774
9 775
9 776
9 777
9 778
9 779
9 780
9 781
9 782
9 783
9 784
9 786
9 787
9 788
9 790
9 792
9 793
9 794
9 795
9 796
9 798
9 800
9 802
9 803
9 804
9 805
9 806
9 807
9 808
9 809
9 810
9 811
9 812
9 814
9 815
9 816
9 818
9 820
9 821
9 822
9 824
9 826
9 827
9 828
9 830
9 831
9 832
9 833
9 834
9 836
9 838
9 839
9 840
9 842
9 844
9 846
9 848
9 850
9 851
9 852
9 853
9 854
9 855
9 856
9 858
9 859
9 860
9 862
9 864
9 865
9 866
9 868
9 869
9 870
9 871
9 872
9 873
9 874
9 875
9 876
9 878
9 879
9 880
9 881
9 882
9 884
9 885
9 886
9 887
9 888
9 890
9 892
9 893
9 894
9 895
9 896
9 898
9 899
9 900
9 901
9 902
9 904
9 905
9 906
9 908
9 910
9 912
9 913
9 914
9 916
9 917
9 918
9 920
9 922
9 923
9 924
9 926
9 927
9 928
9 930
9 932
9 934
9 936
9 937
9 938
9 939
9 940
9 942
9 944
9 945
9 946
9 947
9 948
9 949
9 950
9 951
9 952
9 953
9 954
9 956
9 957
9 958
9 960
9 962
9 964
9 965
9 966
9 968
9 969
9 970
9 972
9 974
9 976
9 977
9 978
9 979
9 980
9 981
9 982
9 984
9 985
9 986
9 987
9 988
9 990
9 992
9 994
9 996
9 998
9 999
9 1000
9 1001
9 1002
9 1004
9 1006
9 1008
9 1009
9 1010
9 1011
9 1012
9 1014
9 1015
9 1016
9 1017
9 1018
9 1020
9 1022
9 1024
9 1025
9 1026
9 1027
9 1028
9 1029
9 1030
9 1031
9 1032
9 1033
9 1034
9 1036
9 1038
9 1039
9 1040
9 1041
9 1042
9 1043
9 1044
9 1045
9 1046
9 1048
9 1050
9 1052
9 1053
9 1054
9 1055
9 1056
9 1057
9 1058
9 1060
9 1062
9 1064
9 1066
9 1068
9 1069
9 1070
9 1072
9 1073
9 1074
9 1075
9 1076
9 1077
9 1078
9 1084
9 1085
9 1086
9 1088
9 1090
9 1092
9 1094
9 1095
9 1096
9 1098
9 1100
9 1101
9 1102
9 1104
9 1105
9 1106
9 1107
9 1108
9 1109
9 1110
9 1112
9 1114
9 1116
9 1118
9 1119
9 1120
9 1122
9 1123
9 1124
9 1125
9 1126
9 1128
9 1130
9 1131
9 1132
9 1134
9 1136
9 1137
9 1138
9 1140
9 1141
9 1142
9 1144
9 1145
9 1146
9 1147
9 1148
9 1150
9 1152
9 1153
9 1154
9 1156
9 1157
9 1158
9 1159
9 1160
9 1161
9 1162
9 1164
9 1165
9 1166
9 1167
9 1168
9 1170
9 1171
9 1172
9 1173
9 1174
9 1175
9 1176
9 1178
9 1179
9 1180
9 1181
9 1182
9 1184
9 1185
9 1186
9 1187
9 1188
9 1190
9 1192
9 1193
9 1194
9 1196
9 1197
9 1198
9 1199
9 1200
9 1202
9 1204
9 1206
9 1208
9 1210
9 1212
9 1214
9 1216
9 1217
9 1218
9 1220
9 1222
9 1224
9 1226
9 1227
9 1228
9 1229
9 1230
9 1231
9 1232
9 1233
9 1234
9 1236
9 1238
9 1239
9 1240
9 1241
9 1242
9 1243
9 1244
9 1246
9 1248
9 1250
9 1252
9 1254
9 1256
9 1258
9 1260
9 1262
9 1264
9 1265
9 1266
9 1267
9 1268
9 1269
9 1270
9 1272
9 1274
9 1275
9 1276
9 1278
9 1280
9 1282
9 1284
9 1285
9 1286
9 1288
9 1290
9 1292
9 1293
9 1294
9 1296
9 1297
9 1298
9 1299
9 1300
9 1301
9 1302
9 1304
9 1305
9 1306
9 1307
9 1308
9 1310
9 1311
9 1312
9 1313
9 1314
9 1316
9 1317
9 1318
9 1320
9 1321
9 1322
9 1323
9 1324
9 1325
9 1326
9 1328
9 1330
9 1332
9 1333
9 1334
9 1336
9 1337
9 1338
9 1339
9 1340
9 1341
9 1342
9 1344
9 1346
9 1347
9 1348
9 1349
9 1350
9 1352
9 1353
9 1354
9 1355
9 1356
9 1357
9 1358
9 1360
9 1362
9 1363
9 1364
9 1366
9 1367
9 1368
9 1370
9 1372
9 1374
9 1376
9 1378
9 1380
9 1381
9 1382
9 1384
9 1386
9 1388
9 1389
9 1390
9 1392
9 1393
9 1394
9 1395
9 1396
9 1398
9 1400
9 1401
9 1402
9 1403
9 1404
9 1405
9 1406
9 1408
9 1409
9 1410
9 1412
9 1413
9 1414
9 1416
9 1417
9 1418
9 1419
9 1420
9 1421
9 1422
9 1424
9 1426
9 1428
9 1429
9 1430
9 1431
9 1432
9 1434
9 1436
9 1437
9 1438
9 1440
9 1441
9 1442
9 1443
9 1446
9 1448
9 1450
9 1452
9 1453
9 1454
9 1455
9 1456
9 1457
9 1458
9 1460
9 1462
9 1463
9 1464
9 1465
9 1466
9 1468
9 1470
9 1472
9 1474
9 1476
9 1477
9 1478
9 1480
9 1481
9 1482
9 1483
9 1484
9 1486
9 1488
9 1490
9 1492
9 1494
9 1495
9 1496
9 1497
9 1498
9 1500
9 1502
9 1504
9 1505
9 1506
9 1508
9 1509
9 1510
9 1512
9 1513
9 1514
9 1516
9 1517
9 1518
9 1519
9 1520
9 1522
9 1524
9 1525
9 1526
9 1528
9 1530
9 1531
9 1532
9 1533
9 1534
9 1536
9 1538
9 1539
9 1540
9 1542
9 1543
9 1544
9 1545
9 1546
9 1548
9 1549
9 1550
9 1551
9 1552
9 1554
9 1556
9 1557
9 1558
9 1560
9 1562
9 1564
9 1565
9 1566
9 1568
9 1569
9 1570
9 1571
9 1572
9 1573
9 1574
9 1575
9 1576
9 1578
9 1580
9 1582
9 1584
9 1586
9 1588
9 1590
9 1591
9 1592
9 1594
9 1596
9 1598
9 1600
9 1602
9 1604
9 1606
9 1608
9 1610
9 1612
9 1614
9 1616
9 1617
9 1618
9 1620
9 1622
9 1623
9 1624
9 1626
9 1628
9 1629
9 1630
9 1631
9 1632
9 1634
9 1636
9 1638
9 1639
9 1640
9 1642
9 1643
9 1644
9 1646
9 1648
9 1650
9 1652
9 1654
9 1656
9 1658
9 1660
9 1661
9 1662
9 1664
9 1665
9 1666
9 1667
9 1668
9 1669
9 1670
9 1671
9 1672
9 1673
9 1674
9 1675
9 1676
9 1677
9 1678
9 1679
9 1680
9 1681
9 1682
9 1683
9 1684
9 1685
9 1686
9 1687
9 1688
9 1689
9 1690
9 1691
9 1692
9 1693
9 1694
9 1695
9 1696
9 1697
9 1698
9 1699
9 1700
9 1701
9 1702
9 1703
9 1704
9 1705
9 1706
9 1707
9 1708
9 1709
9 1710
9 1711
9 1712
9 1713
9 1714
9 1715
9 1716
9 1717
9 1718
9 1719
9 1720
9 1721
9 1722
9 1723
9 1724
9 1725
9 1726
9 1727
9 1728
9 1729
9 1730
9 1731
9 1732
9 1733
9 1734
9 1735
9 1736
9 1737
9 1738
9 1739
9 1740
9 1741
9 1742
9 1743
9 1744
9 1745
9 1746
9 1747
9 1748
9 1749
9 1750
9 1751
9 1752
9 1753
9 1754
9 1755
9 1756
9 1757
9 1758
9 1759
9 1760
9 1761
9 1762
9 1763
9 1764
9 1765
9 1766
9 1767
9 1768
9 1769
9 1770
9 1771
9 1772
9 1773
9 1774
9 1775
9 1776
9 1777
9 1778
9 1779
9 1780
9 1781
9 1782
9 1783
9 1784
9 1785
9 1786
9 1787
9 1788
9 1789
9 1790
9 1791
9 1792
9 1793
9 1794
9 1795
9 1796
9 1797
9 1798
9 1799
9 1800
9 1801
9 1802
9 1803
9 1804
9 1805
9 1806
9 1807
9 1808
9 1809
9 1810
9 1811
9 1812
9 1813
9 1814
9 1815
9 1816
9 1817
9 1818
9 1819
9 1820
9 1821
9 1822
9 1823
9 1824
9 1825
9 1826
9 1827
9 1828
9 1829
9 1830
9 1831
9 1832
9 1833
9 1834
9 1835
9 1836
9 1837
9 1838
9 1839
9 1840
9 1841
9 1842
9 1843
9 1844
9 1845
9 1846
9 1847
9 1848
9 1849
9 1850
9 1851
9 1852
9 1853
9 1854
9 1855
9 1856
9 1857
9 1858
9 1859
9 1860
9 1861
9 1862
9 1863
9 1864
9 1865
9 1866
9 1867
9 1868
9 1869
9 1870
9 1871
9 1872
9 1873
9 1874
9 1875
9 1876
9 1877
9 1878
9 1879
9 1880
9 1881
9 1882
9 1883
9 1884
9 1885
9 1886
9 1887
9 1888
9 1889
9 1890
9 1891
9 1892
9 1893
9 1894
9 1895
9 1896
9 1897
9 1898
9 1899
9 1900
9 1901
9 1902
9 1903
9 1904
9 1905
9 1906
9 1907
9 1908
9 1909
9 1910
9 1911
9 1912
9 1913
9 1914
9 1915
9 1916
9 1917
9 1918
9 1919
9 1920
9 1921
9 1922
9 1923
9 1924
9 1925
9 1926
9 1927
9 1928
9 1929
9 1930
9 1931
9 1932
9 1933
9 1934
9 1935
9 1936
9 1937
9 1938
9 1939
9 1940
9 1941
9 1942
9 1943
9 1944
9 1945
9 1946
9 1947
9 1948
9 1949
9 1950
9 1951
9 1952
9 1953
9 1954
9 1955
9 1956
9 1957
9 1958
9 1959
9 1960
9 1961
9 1962
9 1963
9 1964
9 1965
9 1966
9 1967
9 1968
9 1969
9 1970
9 1971
9 1972
9 1973
9 1974
9 1975
9 1976
9 1977
9 1978
9 1979
9 1980
9 1981
9 1982
9 1983
9 1984
9 1985
9 1986
9 1987
9 1988
9 1989
9 1990
9 1991
9 1992
9 1993
9 1994
9 1995
9 1996
9 1997
9 1998
9 1999
9 2000
9 2001
9 2002
9 2003
9 2004
9 2005
9 2006
9 2007
9 2008
9 2009
9 2010
9 2011
9 2012
9 2013
9 2014
9 2015
9 2016
9 2017
9 2018
9 2019
9 2020
9 2021
9 2022
9 2023
9 2024
9 2025
9 2026
9 2027
9 2028
9 2029
9 2030
9 2031
9 2032
9 2033
9 2034
9 2035
9 2036
9 2037
9 2038
9 2039
9 2040
9 2041
9 2042
9 2043
9 2044
9 2045
9 2046
9 2047
9 2048
9 2049
9 2050
9 2051
9 2052
9 2053
9 2054
9 2055
9 2056
9 2057
9 2058
9 2059
9 2060
9 2061
9 2062
9 2063
9 2064
9 2065
9 2066
9 2067
9 2068
9 2069
9 2070
9 2071
9 2072
9 2073
9 2074
9 2075
9 2076
9 2077
9 2078
9 2079
9 2080
9 2081
9 2082
9 2083
9 2084
9 2085
9 2086
9 2087
9 2088
9 2089
9 2090
9 2091
9 2092
9 2093
9 2094
9 2095
9 2096
9 2097
9 2098
9 2099
9 2100
9 2101
9 2102
9 2103
9 2104
9 2105
9 2106
9 2107
9 2108
9 2109
9 2110
9 2111
9 2112
9 2113
9 2114
9 2115
9 2116
9 2117
9 2118
9 2119
9 2120
9 2121
9 2122
9 2123
9 2124
9 2125
9 2126
9 2127
9 2128
9 2129
9 2130
9 2131
9 2132
9 2133
9 2134
9 2135
9 2136
9 2137
9 2138
9 2139
9 2140
9 2141
9 2142
9 2143
9 2144
9 2145
9 2146
9 2147
9 2148
9 2149
9 2150
9 2151
9 2152
9 2153
9 2154
9 2155
9 2156
9 2157
9 2158
9 2159
9 2160
9 2161
9 2162
9 2163
9 2164
9 2165
9 2166
9 2167
9 2168
9 2169
9 2170
9 2171
9 2172
9 2173
9 2174
9 2175
9 2176
9 2177
9 2178
9 2179
9 2180
9 2181
9 2182
9 2183
9 2184
9 2185
9 2186
9 2187
9 2188
9 2189
9 2190
9 2191
9 2192
9 2193
9 2194
9 2195
9 2196
9 2197
9 2198
9 2199
9 2200
9 2201
9 2202
9 2203
9 2204
9 2205
9 2206
9 2207
9 2208
9 2209
9 2210
9 2211
9 2212
9 2213
9 2214
9 2215
9 2216
9 2217
9 2218
9 2219
9 2220
9 2221
9 2222
9 2223
9 2224
9 2225
9 2226
9 2227
9 2228
9 2229
9 2230
9 2231
9 2232
9 2233
9 2234
9 2235
9 2236
9 2237
9 2238
9 2239
9 2240
9 2241
9 2242
9 2243
9 2244
9 2245
9 2246
9 2247
9 2248
9 2249
9 2250
9 2251
9 2252
9 2253
9 2254
9 2255
9 2256
9 2257
9 2258
9 2259
9 2260
9 2261
9 2262
9 2263
9 2264
9 2265
9 2266
9 2267
9 2268
9 2269
9 2270
9 2271
9 2272
9 2273
9 2274
9 2275
9 2276
9 2277
9 2278
9 2279
9 2280
9 2281
9 2282
9 2283
9 2284
9 2285
9 2286
9 2287
9 2288
9 2289
9 2290
9 2291
9 2292
9 2293
9 2294
9 2295
9 2296
9 2297
9 2298
9 2299
9 2300
9 2301
9 2302
9 2303
9 2304
9 2305
9 2306
9 2307
9 2308
9 2309
9 2310
9 2311
9 2312
9 2313
9 2314
9 2315
9 2316
9 2317
9 2318
9 2319
9 2320
9 2321
9 2322
9 2323
9 2324
9 2325
9 2326
9 2327
9 2328
9 2329
9 2330
9 2331
9 2332
9 2333
9 2334
9 2335
9 2336
9 2337
9 2338
9 2339
9 2340
9 2341
9 2342
9 2343
9 2344
9 2345
9 2346
9 2347
9 2348
9 2349
9 2350
9 2351
9 2352
9 2353
9 2354
9 2355
9 2356
9 2357
9 2358
9 2359
9 2360
9 2361
9 2362
9 2363
9 2364
9 2365
9 2366
9 2367
9 2368
9 2369
9 2370
9 2371
9 2372
9 2373
9 2374
9 2375
9 2376
9 2377
9 2378
9 2379
9 2380
9 2381
9 2382
9 2383
9 2384
9 2385
9 2386
9 2387
9 2388
9 2389
9 2390
9 2391
9 2392
9 2393
9 2394
9 2395
9 2396
9 2397
9 2398
9 2399
9 2400
9 2401
9 2402
9 2403
9 2404
9 2405
9 2406
9 2407
9 2408
9 2409
9 2410
9 2411
9 2412
9 2413
9 2414
9 2415
9 2416
9 2417
9 2418
9 2419
9 2420
9 2421
9 2422
9 2423
9 2424
9 2425
9 2426
9 2427
9 2428
9 2429
9 2430
9 2431
9 2432
9 2433
9 2434
9 2435
9 2436
9 2437
9 2438
9 2439
9 2440
9 2441
9 2442
9 2443
9 2444
9 2445
9 2446
9 2447
9 2448
9 2449
9 2450
9 2451
9 2452
9 2453
9 2454
9 2455
9 2456
9 2457
9 2458
9 2459
9 2460
9 2461
9 2462
9 2463
9 2464
9 2465
9 2466
9 2467
9 2468
9 2469
9 2470
9 2471
9 2472
9 2473
9 2474
9 2475
9 2476
9 2477
9 2478
9 2479
9 2480
9 2481
9 2482
9 2483
9 2484
9 2485
9 2486
9 2487
9 2488
9 2489
9 2490
9 2491
9 2492
9 2493
9 2494
9 2495
9 2496
9 2497
9 2498
9 2499
9 2500
9 2501
9 2502
9 2503
9 2504
9 2505
9 2506
9 2507
9 2508
9 2509
9 2510
9 2511
9 2512
9 2513
9 2514
9 2515
9 2516
9 2517
9 2518
9 2519
9 2520
9 2521
9 2522
9 2523
9 2524
9 2525
9 2526
9 2527
9 2528
9 2529
9 2530
9 2531
9 2532
9 2533
9 2534
9 2535
9 2536
9 2537
9 2538
9 2539
9 2540
9 2541
9 2542
9 2543
9 2544
9 2545
9 2546
9 2547
9 2548
9 2549
9 2550
9 2551
9 2552
9 2553
9 2554
9 2555
9 2556
9 2557
9 2558
9 2559
9 2560
9 2561
9 2562
9 2563
9 2564
9 2565
9 2566
9 2567
9 2568
9 2569
9 2570
9 2571
9 2572
9 2573
9 2574
9 2575
9 2576
9 2577
9 2578
9 2579
9 2580
9 2581
9 2582
9 2583
9 2584
9 2585
9 2587
9 2588
9 2589
9 2590
9 2591
9 2592
9 2593
9 2594
9 2595
9 2596
9 2597
9 2598
9 2599
9 2600
9 2601
9 2602
9 2603
9 2604
9 2605
9 2606
9 2607
9 2608
9 2609
9 2610
9 2611
9 2612
9 2613
9 2614
9 2615
9 2616
9 2617
9 2618
9 2619
9 2620
10 0
10 1
10 2
10 3
10 4