1 0
1 1
1 2
1 3
1 16
2 0
2 1
2 2
2 3
2 4
3 0
3 1
3 2
3 3
3 4
3 5
3 6
3 7
3 8
3 9
3 10
3 11
3 12
3 13
3 14
3 15
3 16
3 17
3 18
3 19
3 20
3 21
3 22
3 23
3 24
3 25
3 26
3 27
3 28
3 29
4 0
4 1
4 2
4 3
4 4
4 5
4 6
4 7
4 8
4 9
4 10
4 11
4 12
4 13
4 14
4 15
4 17
4 18
4 19
4 20
4 21
4 22
4 23
4 24
4 25
4 26
4 27
4 28
4 29
4 30
4 31
4 32
4 33
4 34
4 35
4 36
4 37
4 38
4 39
4 40
4 41
4 42
4 43
4 44
4 45
4 46
4 47
4 48
4 49
4 50
4 51
4 52
4 53
4 54
4 55
4 56
4 57
4 58
4 59
4 60
4 61
4 62
4 63
4 64
4 65
4 66
4 67
4 68
4 69
4 70
4 71
4 72
4 73
4 74
4 75
4 76
4 77
4 78
5 0
5 1
6 0
6 1
6 2
6 3
6 4
6 5
6 6
6 7
6 8
6 9
6 10
6 11
6 12
6 13
6 14
6 15
6 16
6 17
6 18
6 19
6 20
6 21
6 22
6 23
6 24
6 25
6 26
6 27
6 28
6 29
6 30
6 31
6 32
6 33
6 34
6 35
6 36
6 37
6 38
6 39
6 40
6 41
6 42
6 43
6 44
6 45
6 46
6 47
6 48
6 49
6 50
6 51
6 52
6 53
6 54
6 55
6 56
6 57
6 58
6 59
6 60
6 61
6 62
6 63
6 64
6 65
6 66
6 67
6 68
6 69
6 70
6 71
6 72
6 73
6 74
6 75
6 76
6 77
6 78
6 79
6 80
6 81
6 82
6 83
6 84
6 85
6 86
6 87
6 88
6 89
6 90
6 91
6 92
6 93
6 94
6 95
6 96
6 97
6 98
6 99
6 100
6 101
6 102
6 103
6 104
6 105
6 106
6 107
6 108
6 109
6 110
6 111
6 112
6 113
6 114
6 115
6 116
6 117
6 118
6 119
6 120
6 121
6 122
6 123
6 124
6 125
6 126
6 127
6 128
6 129
6 130
6 131
6 132
6 133
6 134
6 135
6 136
6 137
6 138
6 139
6 140
6 141
6 142
6 143
6 144
6 145
6 146
6 147
6 148
6 149
6 150
6 151
6 152
6 153
6 154
6 155
6 156
6 157
6 158
6 159
6 160
6 161
6 162
6 163
6 164
6 165
6 166
6 167
6 168
6 169
6 170
6 171
6 172
6 173
6 174
6 175
6 176
6 177
6 178
6 179
6 180
6 181
6 182
6 183
6 184
6 185
6 186
6 187
6 188
6 189
6 190
6 191
6 192
6 193
6 194
6 195
6 196
6 197
6 198
6 199
6 200
6 201
6 202
6 203
6 204
6 205
6 206
6 207
6 208
6 209
6 210
6 211
6 212
6 223
6 224
6 225
6 226
6 227
6 228
6 229
6 230
6 231
6 232
6 233
6 234
6 235
6 236
6 237
6 238
6 239
6 240
6 241
6 242
6 243
6 244
6 245
6 246
6 247
6 248
6 249
6 250
6 251
6 252
6 253
6 254
6 255
6 256
6 257
6 258
6 259
6 260
6 261
6 262
6 263
6 264
6 265
6 266
6 267
6 268
6 269
6 270
6 271
6 272
6 273
6 274
6 275
6 276
6 277
6 278
6 279
6 280
6 281
6 282
6 283
6 284
6 285
6 286
6 287
6 288
6 289
6 290
6 291
6 292
6 293
6 294
6 295
6 296
6 297
6 298
6 299
6 300
6 301
6 302
6 303
6 304
6 305
6 306
6 307
6 308
6 309
6 310
6 311
6 312
6 313
6 314
6 315
6 316
6 317
6 318
6 319
6 320
6 321
6 322
6 323
6 324
6 325
6 326
6 327
6 328
6 329
6 330
6 331
6 332
6 333
6 334
6 335
6 336
6 337
6 338
6 339
6 340
6 341
6 342
6 343
6 344
6 345
6 346
6 347
6 348
6 349
6 350
6 351
6 352
6 353
6 354
6 355
6 356
6 357
6 358
6 359
6 360
6 361
6 362
6 363
6 364
6 365
6 366
6 367
6 368
6 369
6 370
6 371
6 372
6 373
6 374
6 375
6 376
6 377
6 378
6 379
6 380
6 381
6 382
6 383
6 384
6 385
6 386
6 387
6 388
6 389
6 390
6 391
6 392
6 393
6 394
6 395
6 396
6 397
6 398
6 399
6 400
6 401
6 402
6 403
6 404
6 405
6 406
6 407
6 408
6 409
6 410
6 411
6 412
6 413
6 414
6 415
6 416
6 417
6 418
6 419
6 420
6 421
6 422
6 423
6 424
6 425
6 426
6 427
6 428
6 429
6 430
6 431
6 432
6 433
6 434
6 435
6 436
6 437
6 438
6 439
6 440
6 441
6 442
6 443
6 444
6 445
6 446
6 447
6 448
6 449
6 450
6 451
6 452
6 453
6 454
6 455
6 456
6 457
6 458
6 459
6 460
6 461
6 462
6 463
6 464
6 465
6 466
6 467
6 468
6 469
6 470
6 471
6 472
6 473
6 474
6 475
6 476
6 477
6 478
6 479
6 480
6 481
6 482
6 483
6 484
6 485
6 486
6 487
6 488
6 489
6 490
6 491
6 492
6 493
6 494
6 495
6 496
6 497
6 498
6 499
6 500
6 501
6 502
6 503
6 504
6 505
6 506
6 507
6 508
6 509
6 510
6 511
6 512
6 513
6 514
6 515
6 516
6 517
6 518
6 519
6 520
6 521
6 522
6 523
6 524
6 525
6 526
6 527
6 528
6 529
6 530
6 531
6 532
6 533
6 534
6 535
6 536
6 537
6 538
6 539
6 540
6 541
6 542
6 543
6 544
6 545
6 546
6 547
6 548
6 549
6 550
6 551
6 552
6 553
6 554
6 555
6 556
6 557
6 558
6 559
6 560
6 561
6 562
6 563
6 564
6 565
6 566
6 567
6 568
6 569
6 570
6 571
6 572
6 573
6 574
6 575
6 576
6 577
6 578
6 579
6 580
6 581
6 582
6 583
6 584
6 585
6 586
6 587
6 588
6 589
6 590
6 591
6 592
6 593
6 594
6 595
6 596
6 597
6 598
6 599
6 600
6 601
6 602
6 603
6 604
6 605
6 606
6 607
6 608
6 609
6 610
6 611
6 612
6 613
6 614
6 615
6 616
6 617
6 618
6 619
6 620
6 621
6 622
6 623
6 624
6 625
6 626
6 627
6 628
6 629
6 630
6 631
6 632
6 633
6 634
6 635
6 636
6 637
6 638
6 639
6 640
6 641
6 642
6 643
6 644
6 645
6 646
6 647
6 648
6 649
6 650
6 651
6 652
6 653
6 654
6 655
6 656
6 657
6 658
6 659
6 660
6 661
6 662
6 663
6 664
6 665
6 666
6 667
6 668
6 669
6 670
6 671
6 672
6 673
6 674
6 675
6 676
6 677
6 678
6 679
6 680
6 681
6 682
6 683
6 684
6 685
6 686
6 687
6 688
6 689
6 690
6 691
6 692
6 693
6 694
6 695
6 696
6 697
6 698
6 699
6 700
6 701
6 702
6 703
6 704
6 705
6 706
6 707
6 708
6 709
6 710
6 711
6 712
6 713
6 714
6 715
6 716
6 717
6 718
6 719
6 720
6 721
6 722
6 723
6 724
6 725
6 726
6 727
6 728
6 729
6 730
6 731
6 732
6 733
6 734
6 735
6 736
6 737
6 738
6 739
6 740
6 741
6 742
6 743
6 744
6 745
6 746
6 747
6 748
6 749
6 750
6 751
6 752
6 753
6 754
6 755
6 756
6 757
6 758
6 759
6 760
6 761
6 762
6 763
6 764
6 765
6 766
6 767
6 768
6 769
6 770
6 771
6 772
6 773
6 774
6 775
6 776
6 777
6 778
6 779
6 780
6 781
6 782
6 783
6 784
6 785
6 786
6 787
6 788
6 789
6 790
6 791
6 792
6 793
6 794
6 795
6 796
6 797
6 798
6 799
6 800
6 801
6 802
6 803
6 804
6 805
6 806
6 807
6 808
6 809
6 810
6 811
6 812
6 813
6 814
6 815
6 816
6 817
6 818
6 819
6 820
6 821
6 822
6 823
6 824
6 825
6 826
6 827
6 828
6 829
6 830
6 831
6 832
6 833
6 834
6 835
6 836
6 837
6 838
6 839
6 840
6 841
6 842
6 843
6 844
6 845
6 846
6 847
6 848
6 849
6 850
6 851
6 852
6 853
6 854
6 855
6 856
6 857
6 858
6 859
6 860
6 861
6 862
6 863
6 864
6 865
6 866
6 867
6 868
6 869
6 870
6 871
6 872
6 873
6 874
6 875
6 876
6 877
6 878
6 879
6 880
6 881
6 882
6 883
6 884
6 885
6 886
6 887
6 888
6 889
6 890
6 891
6 892
6 893
6 894
6 895
6 896
6 897
6 898
6 899
6 900
6 901
6 902
6 903
6 904
6 905
6 906
6 907
6 908
6 909
6 910
6 911
6 912
6 913
6 914
6 915
6 916
6 917
6 918
6 919
6 920
6 921
6 922
6 923
6 924
6 925
6 926
6 927
6 928
6 929
6 930
6 931
6 932
6 933
6 934
6 935
6 936
6 937
6 938
6 939
6 940
6 941
6 942
6 943
6 944
6 945
6 946
6 947
6 948
6 949
6 950
6 951
6 952
6 953
6 954
6 955
6 956
6 957
6 958
6 959
6 960
6 961
6 962
6 963
6 964
6 965
6 966
6 967
6 968
6 969
6 970
6 971
6 972
6 973
6 974
6 975
6 976
6 977
6 978
6 979
6 980
6 981
6 982
6 983
6 984
6 985
6 986
6 987
6 988
6 989
6 990
6 991
6 992
6 993
6 994
6 995
6 996
6 997
6 998
6 999
6 1000
6 1001
6 1002
6 1003
6 1004
6 1005
6 1006
6 1007
6 1008
6 1009
6 1010
6 1011
6 1012
6 1013
6 1014
6 1015
6 1016
6 1017
6 1018
6 1019
6 1020
6 1021
6 1022
6 1023
6 1024
6 1025
6 1026
6 1027
6 1028
6 1029
6 1030
6 1031
6 1032
6 1033
6 1034
6 1035
6 1036
6 1037
6 1038
6 1039
6 1040
6 1041
6 1042
6 1043
6 1044
6 1045
6 1046
6 1047
6 1048
6 1049
6 1050
6 1051
6 1052
6 1053
6 1054
6 1055
6 1056
6 1057
6 1058
6 1059
6 1060
6 1061
6 1062
6 1063
6 1064
6 1065
6 1066
6 1067
6 1068
6 1069
6 1070
6 1071
6 1072
6 1073
6 1074
6 1075
6 1076
6 1077
6 1078
6 1079
6 1080
6 1081
6 1082
6 1083
6 1084
6 1085
6 1086
6 1087
6 1088
6 1089
6 1090
6 1091
6 1092
6 1093
6 1094
6 1095
6 1096
6 1097
6 1098
6 1099
6 1100
6 1101
6 1102
6 1103
6 1104
6 1105
6 1106
6 1107
6 1108
6 1109
6 1110
6 1111
6 1112
6 1113
6 1114
6 1115
6 1116
6 1117
6 1118
6 1119
6 1120
6 1121
6 1122
6 1123
6 1124
6 1125
6 1126
6 1127
6 1128
6 1129
6 1130
6 1131
6 1132
6 1133
6 1134
6 1135
6 1136
6 1137
6 1138
6 1139
6 1140
6 1141
6 1142
6 1143
6 1144
6 1145
6 1146
6 1147
6 1148
6 1149
6 1150
6 1151
6 1152
6 1153
6 1154
6 1155
6 1156
6 1157
6 1158
6 1159
6 1160
6 1161
6 1162
6 1163
6 1164
6 1165
6 1166
6 1167
6 1168
6 1169
6 1170
6 1171
6 1172
6 1173
6 1174
6 1175
6 1176
6 1177
6 1178
6 1179
6 1180
6 1181
6 1182
6 1183
6 1184
6 1185
6 1186
6 1187
6 1188
6 1189
6 1190
6 1191
6 1192
6 1193
6 1194
6 1195
6 1196
6 1197
6 1198
6 1199
6 1200
6 1201
6 1202
6 1203
6 1204
6 1205
6 1206
6 1207
6 1208
6 1209
6 1210
6 1211
6 1212
6 1213
6 1214
6 1215
6 1216
6 1217
6 1218
6 1219
6 1220
6 1221
6 1222
6 1223
6 1224
6 1225
6 1226
6 1227
6 1228
6 1229
6 1230
6 1231
6 1232
6 1233
6 1234
6 1235
6 1236
6 1237
6 1238
6 1239
6 1240
6 1241
6 1242
6 1243
6 1244
6 1245
6 1246
6 1247
6 1248
6 1249
6 1250
6 1251
6 1252
6 1253
6 1254
6 1255
6 1256
6 1257
6 1258
6 1259
6 1260
6 1261
6 1262
6 1263
6 1264
6 1265
6 1266
6 1267
6 1268
6 1269
6 1270
6 1271
6 1272
6 1273
6 1274
6 1275
6 1276
6 1277
6 1278
6 1279
6 1280
6 1281
6 1282
6 1283
6 1284
6 1285
6 1286
6 1287
6 1288
6 1289
6 1290
6 1291
6 1292
6 1293
6 1294
6 1295
6 1296
6 1297
6 1298
6 1299
6 1300
6 1301
6 1302
6 1303
6 1304
6 1305
6 1306
6 1307
6 1308
6 1309
6 1310
6 1311
6 1312
6 1313
6 1314
6 1315
6 1316
6 1317
6 1318
6 1319
6 1320
6 1321
6 1322
6 1323
6 1324
6 1325
6 1326
6 1327
6 1328
6 1329
6 1330
6 1331
6 1332
6 1333
6 1334
6 1335
6 1336
6 1337
6 1338
6 1339
6 1340
6 1341
6 1342
6 1343
6 1344
6 1345
6 1346
6 1347
6 1348
6 1349
6 1350
6 1351
6 1352
6 1353
6 1354
6 1355
6 1356
6 1357
6 1358
6 1359
6 1360
6 1361
6 1362
6 1363
6 1364
6 1365
6 1366
6 1367
6 1368
6 1369
6 1370
6 1371
6 1372
6 1373
6 1374
6 1375
6 1376
6 1377
6 1378
6 1379
6 1380
6 1381
6 1382
6 1383
6 1384
6 1385
6 1386
6 1387
6 1388
6 1389
6 1390
6 1391
6 1392
6 1393
6 1394
6 1395
6 1396
6 1397
6 1398
6 1399
6 1400
6 1401
6 1402
6 1403
6 1404
6 1405
6 1406
6 1407
6 1408
6 1409
6 1410
6 1411
6 1412
6 1413
6 1414
6 1415
6 1416
6 1417
6 1418
6 1419
6 1420
6 1421
6 1422
6 1423
6 1424
6 1425
6 1426
6 1427
6 1428
6 1429
6 1430
6 1431
6 1432
6 1433
6 1434
6 1435
6 1436
6 1437
6 1438
6 1439
6 1440
6 1441
6 1442
6 1443
6 1445
6 1446
6 1447
6 1448
6 1449
6 1450
6 1451
6 1452
6 1453
6 1454
6 1455
6 1456
6 1457
6 1458
6 1459
6 1460
6 1461
6 1462
6 1463
6 1464
6 1465
6 1466
6 1467
6 1468
6 1469
6 1470
6 1471
6 1472
6 1473
6 1474
6 1475
6 1476
6 1477
6 1478
6 1479
6 1480
6 1481
6 1482
6 1483
6 1484
6 1485
6 1486
6 1487
6 1488
6 1489
6 1490
6 1491
6 1492
6 1493
6 1494
6 1495
6 1496
6 1497
6 1498
6 1499
6 1500
6 1501
6 1502
6 1503
6 1504
6 1505
6 1506
6 1507
6 1508
6 1509
6 1510
6 1511
6 1512
6 1513
6 1514
6 1515
6 1516
6 1517
6 1518
6 1519
6 1520
6 1521
6 1522
6 1523
6 1524
6 1525
6 1526
6 1527
6 1528
6 1529
6 1530
6 1531
6 1532
6 1533
6 1534
6 1535
6 1536
6 1537
6 1538
6 1539
6 1540
6 1541
6 1542
6 1543
6 1544
6 1545
6 1546
6 1547
6 1548
6 1549
6 1550
6 1551
6 1552
6 1553
6 1554
6 1555
6 1556
6 1557
6 1558
6 1559
6 1560
6 1561
6 1562
6 1563
6 1564
6 1565
6 1566
6 1567
6 1568
6 1569
6 1570
6 1571
6 1572
6 1573
6 1574
6 1575
6 1576
6 1577
6 1578
6 1579
6 1580
6 1581
6 1582
6 1583
6 1584
6 1585
6 1586
6 1587
6 1588
6 1589
6 1590
6 1591
6 1592
6 1593
6 1594
6 1595
6 1596
6 1597
6 1598
6 1599
6 1600
6 1601
6 1602
6 1603
6 1604
6 1605
6 1606
6 1607
6 1608
6 1609
6 1610
6 1611
6 1612
6 1613
6 1614
6 1615
6 1616
6 1617
6 1618
6 1619
6 1620
6 1621
6 1622
6 1623
6 1624
6 1625
6 1626
6 1627
6 1628
6 1629
6 1630
6 1631
6 1632
6 1633
6 1634
6 1635
6 1636
6 1637
6 1638
6 1639
6 1640
6 1641
6 1642
6 1643
6 1644
6 1645
6 1646
6 1647
6 1648
6 1649
6 1650
6 1651
6 1652
6 1653
6 1654
6 1655
6 1656
6 1657
6 1658
6 1659
6 1660
6 1661
6 1662
6 1663
6 1664
6 1665
6 1666
6 1667
6 1668
6 1669
6 1670
6 1671
6 1672
6 1673
6 1674
6 1675
6 1676
6 1677
6 1678
6 1679
6 1680
6 1681
6 1682
6 1683
6 1684
6 1685
6 1686
6 1687
6 1688
6 1689
6 1690
6 1691
6 1692
6 1693
6 1694
6 1695
6 1696
6 1697
6 1698
6 1699
6 1700
6 1701
6 1702
6 1703
6 1704
6 1705
6 1706
6 1707
6 1708
6 1709
6 1710
6 1711
6 1712
6 1713
6 1714
6 1715
6 1716
6 1717
6 1718
6 1719
6 1720
6 1721
6 1722
6 1723
6 1724
6 1725
6 1726
6 1727
6 1728
6 1729
6 1730
6 1731
6 1732
6 1733
6 1734
6 1735
6 1736
6 1737
6 1738
6 1739
6 1740
6 1741
6 1742
6 1743
6 1744
6 1745
6 1746
6 1747
6 1748
6 1749
6 1750
6 1751
6 1752
6 1753
6 1754
6 1755
6 1756
6 1757
6 1758
6 1759
6 1760
6 1761
6 1762
6 1763
6 1764
6 1765
6 1766
6 1767
6 1768
6 1769
6 1770
6 1771
6 1772
6 1773
6 1774
6 1775
6 1776
6 1777
6 1778
6 1779
6 1780
6 1781
6 1782
6 1783
6 1784
6 1785
6 1786
6 1787
6 1788
6 1789
6 1790
6 1791
6 1792
6 1793
6 1794
6 1795
6 1796
6 1797
6 1798
6 1799
6 1800
6 1801
6 1802
6 1803
6 1804
6 1805
6 1806
6 1807
6 1808
6 1809
6 1810
6 1811
6 1812
6 1813
6 1814
6 1815
6 1816
6 1817
6 1818
6 1819
6 1820
6 1821
6 1822
6 1823
6 1824
6 1825
6 1826
6 1827
6 1828
6 1829
6 1830
6 1831
6 1832
6 1833
6 1834
6 1835
6 1836
6 1837
6 1838
6 1839
6 1840
6 1841
6 1842
6 1843
6 1844
6 1845
6 1846
6 1847
6 1848
6 1849
6 1850
6 1851
6 1852
6 1853
6 1854
6 1855
6 1856
6 1857
6 1858
6 1859
6 1860
6 1861
6 1862
6 1863
6 1864
6 1865
6 1866
6 1867
6 1868
6 1869
6 1870
6 1871
6 1872
6 1873
6 1874
6 1875
6 1876
6 1877
6 1878
6 1879
6 1880
6 1881
6 1882
6 1883
6 1884
6 1885
6 1886
6 1887
6 1888
6 1889
6 1890
6 1891
6 1892
6 1893
6 1894
6 1895
6 1896
6 1897
6 1898
6 1899
6 1900
6 1901
6 1902
6 1903
6 1904
6 1905
6 1906
6 1907
6 1908
6 1909
6 1910
6 1911
6 1912
6 1913
6 1914
6 1915
6 1916
6 1917
6 1918
6 1919
6 1920
6 1921
6 1922
6 1923
6 1924
6 1925
6 1926
6 1927
6 1928
6 1929
6 1930
6 1931
6 1932
6 1933
6 1934
6 1935
6 1936
6 1937
6 1938
6 1939
6 1940
6 1941
6 1942
6 1943
6 1944
6 1945
6 1946
6 1947
6 1948
6 1949
6 1950
6 1951
6 1952
6 1953
6 1954
6 1955
6 1956
6 1957
6 1958
6 1959
6 1960
6 1961
6 1962
6 1963
6 1964
6 1965
6 1966
6 1967
6 1968
6 1969
6 1970
6 1971
6 1972
6 1973
6 1974
6 1975
6 1976
6 1977
6 1978
6 1979
6 1980
6 1981
6 1982
6 1983
6 1984
6 1985
6 1986
6 1987
6 1988
6 1989
6 1990
6 1991
6 1992
6 1993
6 1994
6 1995
6 1996
6 1997
6 1998
6 1999
6 2001
6 2002
6 2003
6 2004
6 2005
6 2006
6 2007
6 2008
6 2009
6 2010
6 2011
6 2012
6 2013
6 2014
6 2015
6 2016
6 2017
6 2018
6 2019
6 2020
6 2021
6 2022
6 2023
6 2024
6 2025
6 2026
6 2027
6 2028
6 2029
6 2030
6 2031
6 2032
6 2033
6 2034
6 2035
6 2036
6 2037
6 2038
6 2039
6 2040
6 2041
6 2042
6 2043
6 2044
6 2045
6 2046
6 2047
6 2048
6 2049
6 2050
6 2051
6 2052
6 2053
6 2054
6 2055
6 2056
6 2057
6 2058
6 2059
6 2060
6 2061
6 2062
6 2063
6 2064
6 2065
6 2066
6 2067
6 2068
6 2069
6 2070
6 2071
6 2072
6 2073
6 2074
6 2075
6 2076
6 2077
6 2078
6 2079
6 2080
6 2081
6 2082
6 2083
6 2084
6 2085
6 2086
6 2087
6 2088
6 2089
6 2090
6 2091
6 2092
6 2093
6 2094
6 2095
6 2096
6 2097
6 2098
6 2099
6 2100
6 2101
6 2102
6 2103
6 2104
6 2105
6 2106
6 2107
6 2108
6 2109
6 2110
6 2111
6 2112
6 2113
6 2114
6 2115
6 2116
6 2117
6 2118
6 2119
6 2120
6 2121
6 2122
6 2123
6 2124
6 2125
6 2126
6 2127
6 2128
6 2129
6 2130
6 2131
6 2132
6 2133
6 2134
6 2135
6 2136
6 2137
6 2138
6 2139
6 2140
6 2141
6 2142
6 2143
6 2144
6 2145
6 2146
6 2147
6 2148
6 2149
6 2150
6 2151
6 2152
6 2153
6 2154
6 2155
6 2156
6 2157
6 2158
6 2159
6 2160
6 2161
6 2162
6 2163
6 2164
6 2165
6 2166
6 2167
6 2168
6 2169
6 2170
6 2171
6 2172
6 2173
6 2174
6 2175
6 2176
6 2177
6 2178
6 2179
6 2180
6 2181
6 2182
6 2183
6 2184
6 2185
6 2186
6 2187
6 2188
6 2189
6 2190
6 2191
6 2192
6 2193
6 2194
6 2195
6 2196
6 2197
6 2198
6 2199
6 2200
6 2201
6 2202
6 2203
6 2204
6 2205
6 2206
6 2207
6 2208
6 2209
6 2210
6 2211
6 2212
6 2213
6 2214
6 2215
6 2216
6 2217
6 2218
6 2219
6 2220
6 2221
6 2222
6 2223
6 2224
6 2225
6 2226
6 2227
6 2228
6 2229
6 2230
6 2231
7 0
7 1
7 2
7 3
7 4
7 5
7 6
7 7
7 8
7 9
7 10
7 11
7 12
7 13
7 14
7 15
7 16
7 17
7 18
7 19
7 20
7 21
7 22
7 23
7 24
7 25
7 26
7 27
7 28
7 29
7 30
7 31
7 32
7 33
7 34
7 35
7 36
7 37
7 38
7 39
7 40
7 41
7 42
7 43
7 44
7 45
7 46
7 47
7 48
7 49
7 50
7 51
7 52
7 53
7 54
7 55
7 56
7 57
7 58
7 59
7 60
7 61
7 62
7 63
7 64
8 0
8 1
8 2
8 3
8 4
8 5
9 0
9 2
9 3
9 4
9 6
9 8
9 9
9 10
9 11
9 12
9 14
9 16
9 18
9 20
9 21
9 22
9 23
9 24
9 25
9 26
9 28
9 29
9 30
9 32
9 33
9 34
9 36
9 37
9 38
9 39
9 40
9 42
9 43
9 44
9 45
9 46
9 48
9 50
9 51
9 52
9 53
9 54
9 56
9 58
9 59
9 60
9 62
9 63
9 64
9 66
9 67
9 68
9 69
9 70
9 72
9 73
9 74
9 75
9 76
9 77
9 78
9 79
9 80
9 81
9 82
9 83
9 84
9 86
9 87
9 88
9 90
9 92
9 94
9 95
9 96
9 98
9 100
9 101
9 102
9 104
9 106
9 108
9 109
9 110
9 111
9 112
9 113
9 114
9 115
9 116
9 117
9 118
9 119
9 120
9 122
9 123
9 124
9 126
9 128
9 130
9 131
9 132
9 133
9 134
9 136
9 138
9 139
9 140
9 141
9 142
9 143
9 144
9 146
9 147
9 148
9 150
9 152
9 153
9 154
9 156
9 157
9 158
9 160
9 161
9 162
9 163
9 164
9 165
9 166
9 167
9 168
9 169
9 170
9 172
9 174
9 175
9 176
9 178
9 180
9 181
9 182
9 183
9 184
9 185
9 186
9 188
9 189
9 190
9 192
9 194
9 196
9 198
9 200
9 201
9 202
9 203
9 204
9 206
9 208
9 209
9 210
9 211
9 212
9 214
9 215
9 216
9 217
9 218
9 219
9 220
9 221
9 222
9 223
9 224
9 226
9 228
9 230
9 232
9 234
9 235
9 236
9 237
9 238
9 239
9 240
9 242
9 243
9 244
9 245
9 246
9 247
9 248
9 249
9 250
9 251
9 252
9 253
9 254
9 255
9 256
9 258
9 260
9 261
9 262
9 264
9 265
9 266
9 268
9 269
9 270
9 272
9 273
9 274
9 276
9 278
9 279
9 280
9 281
9 282
9 283
9 284
9 286
9 288
9 290
9 292
9 294
9 296
9 297
9 298
9 300
9 301
9 302
9 303
9 304
9 305
9 306
9 307
9 308
9 309
9 310
9 311
9 312
9 314
9 315
9 316
9 318
9 320
9 322
9 324
9 325
9 326
9 327
9 328
9 330
9 332
9 333
9 334
9 336
9 337
9 338
9 339
9 340
9 342
9 343
9 344
9 345
9 346
9 347
9 348
9 349
9 350
9 352
9 354
9 355
9 356
9 357
9 358
9 360
9 361
9 362
9 363
9 364
9 365
9 366
9 368
9 369
9 370
9 372
9 374
9 375
9 376
9 377
9 378
9 380
9 382
9 384
9 386
9 387
9 388
9 390
9 392
9 394
9 396
9 398
9 400
9 402
9 404
9 406
9 407
9 408
9 409
9 410
9 411
9 412
9 414
9 415
9 416
9 418
9 419
9 420
9 421
9 422
9 424
9 425
9 426
9 427
9 428
9 429
9 430
9 431
9 432
9 433
9 434
9 435
9 436
9 437
9 438
9 439
9 440
9 441
9 442
9 443
9 444
9 446
9 448
9 450
9 452
9 454
9 456
9 458
9 459
9 460
9 462
9 463
9 464
9 466
9 468
9 470
9 471
9 472
9 474
9 476
9 477
9 478
9 479
9 480
9 481
9 482
9 483
9 484
9 485
9 486
9 488
9 490
9 491
9 492
9 494
9 496
9 497
9 498
9 500
9 501
9 502
9 504
9 506
9 508
9 510
9 511
9 512
9 514
9 516
9 518
9 519
9 520
9 522
9 524
9 525
9 526
9 528
9 529
9 530
9 532
9 534
9 536
9 538
9 539
9 540
9 542
9 544
9 545
9 546
9 548
9 549
9 550
9 551
9 552
9 553
9 554
9 555
9 556
9 557
9 558
9 562
9 563
9 564
9 566
9 568
9 569
9 570
9 571
9 572
9 574
9 575
9 576
9 577
9 578
9 580
9 581
9 582
9 583
9 584
9 585
9 586
9 587
9 588
9 589
9 590
9 592
9 594
9 595
9 596
9 597
9 598
9 600
9 601
9 602
9 604
9 605
9 606
9 607
9 608
9 610
9 612
9 613
9 614
9 615
9 616
9 618
9 620
9 622
9 623
9 624
9 626
9 628
9 630
9 631
9 632
9 634
9 636
9 637
9 638
9 639
9 640
9 642
9 644
9 645
9 646
9 648
9 649
9 650
9 651
9 652
9 654
9 655
9 656
9 657
9 658
9 660
9 662
9 663
9 664
9 666
9 667
9 668
9 669
9 670
9 672
9 673
9 674
9 676
9 678
9 679
9 680
9 681
9 682
9 683
9 684
9 685
9 686
9 688
9 689
9 690
9 692
9 693
9 694
9 695
9 696
9 698
9 699
9 700
9 702
9 704
9 706
9 707
9 708
9 710
9 712
9 713
9 714
9 716
9 718
9 720
9 722
9 724
9 726
9 728
9 729
9 730
9 732
9 734
9 735
9 736
9 737
9 738
9 739
9 740
9 741
9 742
9 744
9 746
9 748
9 750
9 751
9 752
9 753
9 754
9 756
9 758
9 760
9 761
9 762
9 764
9 765
9 766
9 768
9 770
9 772
9 773
9 774
9 775
9 776
9 777
9 778
9 779
9 780
9 781
9 782
9 783
9 784
9 786
9 787
9 788
9 790
9 792
9 793
9 794
9 795
9 796
9 798
9 800
9 802
9 803
9 804
9 805
9 806
9 807
9 808
9 809
9 810
9 811
9 812
9 814
9 815
9 816
9 818
9 820
9 821
9 822
9 824
9 826
9 827
9 828
9 830
9 831
9 832
9 833
9 834
9 836
9 838
9 839
9 840
9 842
9 844
9 846
9 848
9 850
9 851
9 852
9 853
9 854
9 855
9 856
9 858
9 859
9 860
9 862
9 864
9 865
9 866
9 868
9 869
9 870
9 871
9 872
9 873
9 874
9 875
9 876
9 878
9 879
9 880
9 881
9 882
9 884
9 885
9 886
9 887
9 888
9 890
9 892
9 893
9 894
9 895
9 896
9 898
9 899
9 900
9 901
9 902
9 904
9 905
9 906
9 908
9 910
9 912
9 913
9 914
9 916
9 917
9 918
9 920
9 922
9 923
9 924
9 926
9 927
9 928
9 930
9 932
9 934
9 936
9 937
9 938
9 939
9 940
9 942
9 944
9 945
9 946
9 947
9 948
9 949
9 950
9 951
9 952
9 953
9 954
9 956
9 957
9 958
9 960
9 962
9 964
9 965
9 966
9 968
9 969
9 970
9 972
9 974
9 976
9 977
9 978
9 979
9 980
9 981
9 982
9 984
9 985
9 986
9 987
9 988
9 990
9 992
9 994
9 996
9 998
9 999
9 1000
9 1001
9 1002
9 1004
9 1006
9 1008
9 1009
9 1010
9 1011
9 1012
9 1014
9 1015
9 1016
9 1017
9 1018
9 1020
9 1022
9 1024
9 1025
9 1026
9 1027
9 1028
9 1029
9 1030
9 1031
9 1032
9 1033
9 1034
9 1036
9 1038
9 1039
9 1040
9 1041
9 1042
9 1043
9 1044
9 1045
9 1046
9 1048
9 1050
9 1052
9 1053
9 1054
9 1055
9 1056
9 1057
9 1058
9 1060
9 1062
9 1064
9 1066
9 1068
9 1069
9 1070
9 1072
9 1073
9 1074
9 1075
9 1076
9 1077
9 1078
9 1084
9 1085
9 1086
9 1088
9 1090
9 1092
9 1094
9 1095
9 1096
9 1098
9 1100
9 1101
9 1102
9 1104
9 1105
9 1106
9 1107
9 1108
9 1109
9 1110
9 1112
9 1114
9 1116
9 1118
9 1119
9 1120
9 1122
9 1123
9 1124
9 1125
9 1126
9 1128
9 1130
9 1131
9 1132
9 1134
9 1136
9 1137
9 1138
9 1140
9 1141
9 1142
9 1144
9 1145
9 1146
9 1147
9 1148
9 1150
9 1152
9 1153
9 1154
9 1156
9 1157
9 1158
9 1159
9 1160
9 1161
9 1162
9 1164
9 1165
9 1166
9 1167
9 1168
9 1170
9 1171
9 1172
9 1173
9 1174
9 1175
9 1176
9 1178
9 1179
9 1180
9 1181
9 1182
9 1184
9 1185
9 1186
9 1187
9 1188
9 1190
9 1192
9 1193
9 1194
9 1196
9 1197
9 1198
9 1199
9 1200
9 1202
9 1204
9 1206
9 1208
9 1210
9 1212
9 1214
9 1216
9 1217
9 1218
9 1220
9 1222
9 1224
9 1226
9 1227
9 1228
9 1229
9 1230
9 1231
9 1232
9 1233
9 1234
9 1236
9 1238
9 1239
9 1240
9 1241
9 1242
9 1243
9 1244
9 1246
9 1248
9 1250
9 1252
9 1254
9 1256
9 1258
9 1260
9 1262
9 1264
9 1265
9 1266
9 1267
9 1268
9 1269
9 1270
9 1272
9 1274
9 1275
9 1276
9 1278
9 1280
9 1282
9 1284
9 1285
9 1286
9 1288
9 1290
9 1292
9 1293
9 1294
9 1296
9 1297
9 1298
9 1299
9 1300
9 1301
9 1302
9 1304
9 1305
9 1306
9 1307
9 1308
9 1310
9 1311
9 1312
9 1313
9 1314
9 1316
9 1317
9 1318
9 1320
9 1321
9 1322
9 1323
9 1324
9 1325
9 1326
9 1328
9 1330
9 1332
9 1333
9 1334
9 1336
9 1337
9 1338
9 1339
9 1340
9 1341
9 1342
9 1344
9 1346
9 1347
9 1348
9 1349
9 1350
9 1352
9 1353
9 1354
9 1355
9 1356
9 1357
9 1358
9 1360
9 1362
9 1363
9 1364
9 1366
9 1367
9 1368
9 1370
9 1372
9 1374
9 1376
9 1378
9 1380
9 1381
9 1382
9 1384
9 1386
9 1388
9 1389
9 1390
9 1392
9 1393
9 1394
9 1395
9 1396
9 1398
9 1400
9 1401
9 1402
9 1403
9 1404
9 1405
9 1406
9 1408
9 1409
9 1410
9 1412
9 1413
9 1414
9 1416
9 1417
9 1418
9 1419
9 1420
9 1421
9 1422
9 1424
9 1426
9 1428
9 1429
9 1430
9 1431
9 1432
9 1434
9 1436
9 1437
9 1438
9 1440
9 1441
9 1442
9 1443
9 1446
9 1448
9 1450
9 1452
9 1453
9 1454
9 1455
9 1456
9 1457
9 1458
9 1460
9 1462
9 1463
9 1464
9 1465
9 1466
9 1468
9 1470
9 1472
9 1474
9 1476
9 1477
9 1478
9 1480
9 1481
9 1482
9 1483
9 1484
9 1486
9 1488
9 1490
9 1492
9 1494
9 1495
9 1496
9 1497
9 1498
9 1500
9 1502
9 1504
9 1505
9 1506
9 1508
9 1509
9 1510
9 1512
9 1513
9 1514
9 1516
9 1517
9 1518
9 1519
9 1520
9 1522
9 1524
9 1525
9 1526
9 1528
9 1530
9 1531
9 1532
9 1533
9 1534
9 1536
9 1538
9 1539
9 1540
9 1542
9 1543
9 1544
9 1545
9 1546
9 1548
9 1549
9 1550
9 1551
9 1552
9 1554
9 1556
9 1557
9 1558
9 1560
9 1562
9 1564
9 1565
9 1566
9 1568
9 1569
9 1570
9 1571
9 1572
9 1573
9 1574
9 1575
9 1576
9 1578
9 1580
9 1582
9 1584
9 1586
9 1588
9 1590
9 1591
9 1592
9 1594
9 1596
9 1598
9 1600
9 1602
9 1604
9 1606
9 1608
9 1610
9 1612
9 1614
9 1616
9 1617
9 1618
9 1620
9 1622
9 1623
9 1624
9 1626
9 1628
9 1629
9 1630
9 1631
9 1632
9 1634
9 1636
9 1638
9 1639
9 1640
9 1642
9 1643
9 1644
9 1646
9 1648
9 1650
9 1652
9 1654
9 1656
9 1658
9 1660
9 1661
9 1662
9 1664
9 1665
9 1666
9 1667
9 1668
9 1669
9 1670
9 1671
9 1672
9 1673
9 1674
9 1675
9 1676
9 1677
9 1678
9 1679
9 1680
9 1681
9 1682
9 1683
9 1684
9 1685
9 1686
9 1687
9 1688
9 1689
9 1690
9 1691
9 1692
9 1693
9 1694
9 1695
9 1696
9 1697
9 1698
9 1699
9 1700
9 1701
9 1702
9 1703
9 1704
9 1705
9 1706
9 1707
9 1708
9 1709
9 1710
9 1711
9 1712
9 1713
9 1714
9 1715
9 1716
9 1717
9 1718
9 1719
9 1720
9 1721
9 1722
9 1723
9 1724
9 1725
9 1726
9 1727
9 1728
9 1729
9 1730
9 1731
9 1732
9 1733
9 1734
9 1735
9 1736
9 1737
9 1738
9 1739
9 1740
9 1741
9 1742
9 1743
9 1744
9 1745
9 1746
9 1747
9 1748
9 1749
9 1750
9 1751
9 1752
9 1753
9 1754
9 1755
9 1756
9 1757
9 1758
9 1759
9 1760
9 1761
9 1762
9 1763
9 1764
9 1765
9 1766
9 1767
9 1768
9 1769
9 1770
9 1771
9 1772
9 1773
9 1774
9 1775
9 1776
9 1777
9 1778
9 1779
9 1780
9 1781
9 1782
9 1783
9 1784
9 1785
9 1786
9 1787
9 1788
9 1789
9 1790
9 1791
9 1792
9 1793
9 1794
9 1795
9 1796
9 1797
9 1798
9 1799
9 1800
9 1801
9 1802
9 1803
9 1804
9 1805
9 1806
9 1807
9 1808
9 1809
9 1810
9 1811
9 1812
9 1813
9 1814
9 1815
9 1816
9 1817
9 1818
9 1819
9 1820
9 1821
9 1822
9 1823
9 1824
9 1825
9 1826
9 1827
9 1828
9 1829
9 1830
9 1831
9 1832
9 1833
9 1834
9 1835
9 1836
9 1837
9 1838
9 1839
9 1840
9 1841
9 1842
9 1843
9 1844
9 1845
9 1846
9 1847
9 1848
9 1849
9 1850
9 1851
9 1852
9 1853
9 1854
9 1855
9 1856
9 1857
9 1858
9 1859
9 1860
9 1861
9 1862
9 1863
9 1864
9 1865
9 1866
9 1867
9 1868
9 1869
9 1870
9 1871
9 1872
9 1873
9 1874
9 1875
9 1876
9 1877
9 1878
9 1879
9 1880
9 1881
9 1882
9 1883
9 1884
9 1885
9 1886
9 1887
9 1888
9 1889
9 1890
9 1891
9 1892
9 1893
9 1894
9 1895
9 1896
9 1897
9 1898
9 1899
9 1900
9 1901
9 1902
9 1903
9 1904
9 1905
9 1906
9 1907
9 1908
9 1909
9 1910
9 1911
9 1912
9 1913
9 1914
9 1915
9 1916
9 1917
9 1918
9 1919
9 1920
9 1921
9 1922
9 1923
9 1924
9 1925
9 1926
9 1927
9 1928
9 1929
9 1930
9 1931
9 1932
9 1933
9 1934
9 1935
9 1936
9 1937
9 1938
9 1939
9 1940
9 1941
9 1942
9 1943
9 1944
9 1945
9 1946
9 1947
9 1948
9 1949
9 1950
9 1951
9 1952
9 1953
9 1954
9 1955
9 1956
9 1957
9 1958
9 1959
9 1960
9 1961
9 1962
9 1963
9 1964
9 1965
9 1966
9 1967
9 1968
9 1969
9 1970
9 1971
9 1972
9 1973
9 1974
9 1975
9 1976
9 1977
9 1978
9 1979
9 1980
9 1981
9 1982
9 1983
9 1984
9 1985
9 1986
9 1987
9 1988
9 1989
9 1990
9 1991
9 1992
9 1993
9 1994
9 1995
9 1996
9 1997
9 1998
9 1999
9 2000
9 2001
9 2002
9 2003
9 2004
9 2005
9 2006
9 2007
9 2008
9 2009
9 2010
9 2011
9 2012
9 2013
9 2014
9 2015
9 2016
9 2017
9 2018
9 2019
9 2020
9 2021
9 2022
9 2023
9 2024
9 2025
9 2026
9 2027
9 2028
9 2029
9 2030
9 2031
9 2032
9 2033
9 2034
9 2035
9 2036
9 2037
9 2038
9 2039
9 2040
9 2041
9 2042
9 2043
9 2044
9 2045
9 2046
9 2047
9 2048
9 2049
9 2050
9 2051
9 2052
9 2053
9 2054
9 2055
9 2056
9 2057
9 2058
9 2059
9 2060
9 2061
9 2062
9 2063
9 2064
9 2065
9 2066
9 2067
9 2068
9 2069
9 2070
9 2071
9 2072
9 2073
9 2074
9 2075
9 2076
9 2077
9 2078
9 2079
9 2080
9 2081
9 2082
9 2083
9 2084
9 2085
9 2086
9 2087
9 2088
9 2089
9 2090
9 2091
9 2092
9 2093
9 2094
9 2095
9 2096
9 2097
9 2098
9 2099
9 2100
9 2101
9 2102
9 2103
9 2104
9 2105
9 2106
9 2107
9 2108
9 2109
9 2110
9 2111
9 2112
9 2113
9 2114
9 2115
9 2116
9 2117
9 2118
9 2119
9 2120
9 2121
9 2122
9 2123
9 2124
9 2125
9 2126
9 2127
9 2128
9 2129
9 2130
9 2131
9 2132
9 2133
9 2134
9 2135
9 2136
9 2137
9 2138
9 2139
9 2140
9 2141
9 2142
9 2143
9 2144
9 2145
9 2146
9 2147
9 2148
9 2149
9 2150
9 2151
9 2152
9 2153
9 2154
9 2155
9 2156
9 2157
9 2158
9 2159
9 2160
9 2161
9 2162
9 2163
9 2164
9 2165
9 2166
9 2167
9 2168
9 2169
9 2170
9 2171
9 2172
9 2173
9 2174
9 2175
9 2176
9 2177
9 2178
9 2179
9 2180
9 2181
9 2182
9 2183
9 2184
9 2185
9 2186
9 2187
9 2188
9 2189
9 2190
9 2191
9 2192
9 2193
9 2194
9 2195
9 2196
9 2197
9 2198
9 2199
9 2200
9 2201
9 2202
9 2203
9 2204
9 2205
9 2206
9 2207
9 2208
9 2209
9 2210
9 2211
9 2212
9 2213
9 2214
9 2215
9 2216
9 2217
9 2218
9 2219
9 2220
9 2221
9 2222
9 2223
9 2224
9 2225
9 2226
9 2227
9 2228
9 2229
9 2230
9 2231
9 2232
9 2233
9 2234
9 2235
9 2236
9 2237
9 2238
9 2239
9 2240
9 2241
9 2242
9 2243
9 2244
9 2245
9 2246
9 2247
9 2248
9 2249
9 2250
9 2251
9 2252
9 2253
9 2254
9 2255
9 2256
9 2257
9 2258
9 2259
9 2260
9 2261
9 2262
9 2263
9 2264
9 2265
9 2266
9 2267
9 2268
9 2269
9 2270
9 2271
9 2272
9 2273
9 2274
9 2275
9 2276
9 2277
9 2278
9 2279
9 2280
9 2281
9 2282
9 2283
9 2284
9 2285
9 2286
9 2287
9 2288
9 2289
9 2290
9 2291
9 2292
9 2293
9 2294
9 2295
9 2296
9 2297
9 2298
9 2299
9 2300
9 2301
9 2302
9 2303
9 2304
9 2305
9 2306
9 2307
9 2308
9 2309
9 2310
9 2311
9 2312
9 2313
9 2314
9 2315
9 2316
9 2317
9 2318
9 2319
9 2320
9 2321
9 2322
9 2323
9 2324
9 2325
9 2326
9 2327
9 2328
9 2329
9 2330
9 2331
9 2332
9 2333
9 2334
9 2335
9 2336
9 2337
9 2338
9 2339
9 2340
9 2341
9 2342
9 2343
9 2344
9 2345
9 2346
9 2347
9 2348
9 2349
9 2350
9 2351
9 2352
9 2353
9 2354
9 2355
9 2356
9 2357
9 2358
9 2359
9 2360
9 2361
9 2362
9 2363
9 2364
9 2365
9 2366
9 2367
9 2368
9 2369
9 2370
9 2371
9 2372
9 2373
9 2374
9 2375
9 2376
9 2377
9 2378
9 2379
9 2380
9 2381
9 2382
9 2383
9 2384
9 2385
9 2386
9 2387
9 2388
9 2389
9 2390
9 2391
9 2392
9 2393
9 2394
9 2395
9 2396
9 2397
9 2398
9 2399
9 2400
9 2401
9 2402
9 2403
9 2404
9 2405
9 2406
9 2407
9 2408
9 2409
9 2410
9 2411
9 2412
9 2413
9 2414
9 2415
9 2416
9 2417
9 2418
9 2419
9 2420
9 2421
9 2422
9 2423
9 2424
9 2425
9 2426
9 2427
9 2428
9 2429
9 2430
9 2431
9 2432
9 2433
9 2434
9 2435
9 2436
9 2437
9 2438
9 2439
9 2440
9 2441
9 2442
9 2443
9 2444
9 2445
9 2446
9 2447
9 2448
9 2449
9 2450
9 2451
9 2452
9 2453
9 2454
9 2455
9 2456
9 2457
9 2458
9 2459
9 2460
9 2461
9 2462
9 2463
9 2464
9 2465
9 2466
9 2467
9 2468
9 2469
9 2470
9 2471
9 2472
9 2473
9 2474
9 2475
9 2476
9 2477
9 2478
9 2479
9 2480
9 2481
9 2482
9 2483
9 2484
9 2485
9 2486
9 2487
9 2488
9 2489
9 2490
9 2491
9 2492
9 2493
9 2494
9 2495
9 2496
9 2497
9 2498
9 2499
9 2500
9 2501
9 2502
9 2503
9 2504
9 2505
9 2506
9 2507
9 2508
9 2509
9 2510
9 2511
9 2512
9 2513
9 2514
9 2515
9 2516
9 2517
9 2518
9 2519
9 2520
9 2521
9 2522
9 2523
9 2524
9 2525
9 2526
9 2527
9 2528
9 2529
9 2530
9 2531
9 2532
9 2533
9 2534
9 2535
9 2536
9 2537
9 2538
9 2539
9 2540
9 2541
9 2542
9 2543
9 2544
9 2545
9 2546
9 2547
9 2548
9 2549
9 2550
9 2551
9 2552
9 2553
9 2554
9 2555
9 2556
9 2557
9 2558
9 2559
9 2560
9 2561
9 2562
9 2563
9 2564
9 2565
9 2566
9 2567
9 2568
9 2569
9 2570
9 2571
9 2572
9 2573
9 2574
9 2575
9 2576
9 2577
9 2578
9 2579
9 2580
9 2581
9 2582
9 2583
9 2584
9 2585
9 2587
9 2588
9 2589
9 2590
9 2591
9 2592
9 2593
9 2594
9 2595
9 2596
9 2597
9 2598
9 2599
9 2600
9 2601
9 2602
9 2603
9 2604
9 2605
9 2606
9 2607
9 2608
9 2609
9 2610
9 2611
9 2612
9 2613
9 2614
9 2615
9 2616
9 2617
9 2618
9 2619
9 2620
10 0
10 1
10 2
10 3
10 4
11 0
11 1
11 2
11 3
11 4
11 5
11 6
11 7
11 8
11 9
11 10
11 11
11 12
11 13
11 14
11 15
11 16
11 17
11 18
11 19
11 20
11 21
11 22
11 23
11 24
11 25
11 26
11 27
11 28
11 29
11 30
11 32
11 33
11 34
11 90
11 91
11 92
11 93
11 94
11 95
11 96
11 99
11 100
11 101
11 102
11 103
11 105
11 106
11 107
11 108
11 109
11 110
11 111
11 112
11 113
11 114
11 115
11 116
11 117
11 118
11 119
11 120
11 121
11 122
11 123
11 124
11 125
11 126
11 127
11 128
11 129
11 130
11 132
11 133
11 134
11 135
11 136
11 137
11 138
11 201
11 202
11 203
11 204
11 205
11 207
11 208
11 209
11 210
11 211
11 212
11 213
11 214
11 257
11 258
11 259
11 260
11 261
11 262
11 263
11 269
11 270
11 271
11 302
11 303
11 304
11 305
11 306
11 307
11 308
11 309
11 310
11 311
11 312
11 313
11 345
11 346
11 347
11 348
11 349
11 350
11 351
11 352
11 353
11 354
11 355
11 356
11 357
11 358
11 359
11 360
11 361
11 362
11 363
11 388
11 389
11 390
11 408
11 409
11 410
11 449
11 450
11 451
11 480
11 481
11 482
11 483
11 484
11 485
11 486
11 487
11 488
11 489
11 490
11 491
12 0
12 1
12 2
12 3
12 4
12 5
12 6
12 7
12 8
12 9
12 10
12 11
12 12
12 13
12 14
12 15
12 16
12 17
12 18
12 19
12 20
12 21
12 22
12 23
12 24
12 25
12 26
12 27
12 28
12 29
12 30
12 31
12 32
12 33
12 34
12 35
12 36
12 37
12 38
12 39
12 40
12 41
12 42
12 43
12 44
12 45
12 46
12 47
12 48
12 49
12 50
12 51
12 52
12 53
12 54
12 55
12 56
12 57
12 58
12 59
12 60
12 61
12 62
12 63
12 64
12 65
12 66
12 67
12 68
12 69
12 70
12 71
12 72
12 73
12 74
12 75
12 76
12 77
12 78
12 79
12 80
12 81
12 82
12 83
12 84
12 85
12 86
12 87
12 88
12 89
12 90
12 91
12 92
12 93
12 94
12 95
12 96
12 97
12 98
12 99
12 100
12 101
12 102
12 103
12 104
12 105
12 106
12 107
12 108
12 109
12 110
12 111
12 112
12 113
12 114
12 115
12 116
12 117
12 118
12 119
12 120
12 121
12 122
12 123
12 124
12 125
12 126
12 127
12 128
12 129
12 130
12 131
12 132
12 133
12 134
12 135
12 136
12 137
12 138
12 139
12 140
12 141
12 142
12 143
12 144
12 145
12 146
12 147
12 148
12 149
12 150
12 151
12 152
12 153
12 154
12 155
12 156
12 157
12 158
12 159
12 160
12 161
12 162
12 163
12 164
12 165
12 166
12 167
12 168
12 169
12 170
12 171
12 172
12 173
12 174
12 175
12 176
12 177
12 178
12 179
12 180
12 181
12 182
12 183
12 184
12 185
12 186
12 187
12 188
12 189
12 190
12 191
12 192
12 193
12 194
12 195
12 196
12 197
12 198
12 199
12 200
12 201
12 202
12 203
12 204
12 205
12 206
12 207
12 208
12 209
12 210
12 211
12 212
12 213
12 214
12 215
12 216
12 217
12 218
12 219
12 220
12 221
12 222
12 223
12 224
12 225
12 226
12 227
12 228
12 229
12 230
12 231
12 232
12 233
12 234
12 235
12 236
12 237
12 238
12 239
12 240
12 241
12 242
12 243
12 244
12 245
12 246
12 247
12 248
12 249
12 250
12 251
12 252
12 253
12 254
12 255
12 256
12 257
12 258
12 259
12 260
12 261
12 262
12 263
12 264
12 265
12 266
12 267
12 268
12 269
12 270
12 271
12 272
12 273
12 274
12 275
12 276
12 277
12 278
12 279
12 280
12 281
12 282
12 283
12 284
12 285
12 286
12 287
12 288
12 289
12 290
12 291
12 292
12 293
12 294
12 295
12 296
12 297
12 298
12 299
12 300
12 301
12 302
12 303
12 304
12 305
12 306
12 307
12 308
12 309
12 310
12 311
12 312
12 313
12 314
12 315
12 316
12 317
12 318
12 319
12 320
12 321
12 322
12 323
12 324
12 325
12 326
12 327
12 328
12 329
12 330
12 331
12 332
12 333
12 334
12 335
12 336
12 337
12 338
12 339
12 340
12 341
12 342
12 343
12 344
12 345
12 346
12 347
12 348
12 349
12 350
12 351
12 352
12 353
12 354
12 355
12 356
12 357
12 358
12 359
12 360
12 361
12 362
12 363
12 364
12 365
12 366
12 367
12 368
12 369
12 370
12 371
12 372
12 373
12 374
12 375
12 376
12 377
12 378
12 379
12 1148
12 1149
12 1150
12 1151
12 1152
12 1153
12 1154
12 1155
12 1156
12 1157
12 1158
12 1159
12 1160
12 1161
12 1162
12 1163
12 1164
12 1165
12 1166
12 1167
12 1168
12 1169
12 1170
12 1171
12 1172
12 1173
12 1174
12 1175
12 1176
12 1177
12 1178
12 1179
12 1180
12 1181
12 1182
12 1183
12 1184
12 1185
12 1186
12 1187
12 1188
12 1189
12 1190
12 1191
12 1192
12 1193
12 1194
12 1195
12 1196
12 1197
12 1198
12 1199
12 1200
12 1201
12 1202
12 1203
12 1204
12 1205
12 1206
12 1207
12 1208
12 1209
12 1210
12 1211
12 1212
12 1213
12 1214
12 1215
12 1216
12 1217
12 1218
12 1219
12 1220
12 1221
12 1222
12 1223
12 1224
12 1225
12 1226
12 1227
12 1228
12 1229
12 1230
12 1231
12 1232
12 1233
12 1234
12 1235
12 2092
12 2093
12 2094
12 2095
12 2096
12 2097
12 2098
12 2099
12 2100
12 2101
12 2102
12 2103
12 2104
12 2105
12 2106
12 2107
12 2108
12 2109
12 2110
12 2111
12 2112
12 2113
12 2114
12 2115
12 2116
12 2117
12 2118
12 2119
12 2120
12 2121
12 2122
12 2123
12 2124
12 2125
12 2126
12 2127
12 2128
12 2129
12 2130
12 2131
12 2132
12 2133
12 2134
12 2135
12 2136
12 2137
12 2138
12 2139
12 2140
12 2141
12 2142
12 2143
12 2144
12 2145
12 2146
12 2147
12 2148
12 2149
12 2150
12 2151
12 2152
12 2153
12 2154
12 2155
12 2156
12 2157
12 2158
12 2159
12 2160
12 2161
12 2162
12 2163
12 2164
12 2165
12 2166
12 2167
12 2168
12 2169
12 2170
12 2171
12 2172
12 2173
12 2174
12 2175
12 2176
12 2177
12 2178
12 2179
12 2180
12 2181
12 2182
12 2183
12 2184
12 2185
12 2186
12 2187
12 2188
12 2189
12 2190
12 2191
12 2192
12 2193
12 2194
12 2195
12 2196
12 2197
12 2198
12 2199
12 2200
12 2201
12 2202
12 2203
12 2204
12 2205
12 2206
12 2207
12 2208
12 2209
12 2210
12 2211
12 2212
12 2213
12 2214
12 2215
12 2216
12 2217
12 2218
12 2219
12 2220
12 2221
12 2222
12 2223
12 2224
12 2225
12 2226
12 2227
12 2228
12 2229
12 2230
12 2231
12 2232
12 2233
12 2234
12 2235
12 2236
12 2237
12 2238
12 2239
12 2240
12 2241
12 2242
12 2243
12 2244
12 2245
12 2246
12 2247
12 2248
12 2249
12 2250
12 2251
12 2252
12 2253
12 2254
12 2255
12 2256
12 2257
12 2258
12 2259
12 2260
12 2261
12 2262
12 2263
12 2264
12 2265
12 2266
12 2267
12 2268
12 2269
12 2270
12 2271
12 2272
12 2273
12 2274
12 2275
12 2276
12 2277
12 2278
12 2279
12 2280
12 2281
12 2282
12 2283
12 2284
12 2285
12 2286
12 2287
12 2288
12 2289
12 2290
12 2291
12 2292
12 2293
12 2294
12 2295
12 2296
12 2297
12 2298
12 2299
12 2300
12 2301
12 2302
12 2303
12 2304
12 2305
12 2306
12 2307
12 2308
12 2309
12 2310
12 2311
12 2312
12 2313
12 2314
12 2315
12 2316
12 2317
12 2318
12 2319
12 2320
12 2321
12 2322
12 2323
12 2324
12 2325
12 2326
12 2327
12 2328
12 2329
12 2330
12 2331
12 2332
12 2333
12 2334
12 2335
12 2336
12 2337
12 2338
12 2339
12 2340
12 2341
12 2342
12 2343
12 2344
12 2345
12 2346
12 2347
12 2348
12 2349
12 2350
12 2351
12 2352
12 2353
12 2354
12 2355
12 2356
12 2357
12 2358
12 2359
12 2360
12 2361
12 2362
12 2363
12 2364
12 2365
12 2366
12 2367
12 2368
12 2369
12 2370
12 2371
12 2372
12 2373
12 2374
12 2375
12 2376
12 2377
12 2378
12 2379
12 2380
12 2381
12 2382
12 2383
12 2384
12 2385
12 2386
12 2387
12 2388
12 2389
12 2390
12 2391
12 2392
12 2393
12 2394
12 2395
12 2396
12 2397
12 2398
12 2399
12 2400
12 2401
12 2402
12 2403
12 2404
12 2405
12 2406
12 2407
12 2408
12 2409
12 2410
12 2411
12 2412
12 2413
12 2414
12 2415
12 2416
12 2417
12 2418
12 2419
12 2420
12 2421
12 2422
12 2423
12 2424
12 2425
12 2426
12 2427
12 2428
12 2429
12 2430
12 2431
12 2432
12 2433
12 2434
12 2435
12 2436
12 2437
12 2438
12 2439
12 2440
12 2441
12 2442
12 2443
12 2444
12 2445
12 2446
12 2447
12 2448
12 2449
12 2450
12 2451
12 2452
12 2453
12 2454
12 2455
12 2456
12 2457
12 2458
12 2459
12 2460
12 2461
12 2462
12 2463
12 2464
12 2465
12 2466
12 2467
12 2468
12 2469
12 2470
12 2471
12 2472
12 2473
12 2474
12 2475
12 2476
12 2477
12 2478
12 2479
12 2480
12 2481
12 2482
12 2483
12 2484
12 2485
12 2486
12 2487
12 2488
12 2489
12 2490
12 2491
12 2492
12 2493
12 2494
12 2495
12 2496
12 2497
12 2498
12 2499
12 2500
12 2501
12 2502
12 2503
12 2504
12 2505
12 2506
12 2507
12 2508
12 2509
12 2510
12 2511
12 2512
12 2513
12 2514
12 2515
12 2516
12 2517
12 2518
12 2519
12 2520
12 2521
12 2522
12 2523
12 2524
12 2525
12 2526
12 2527
12 2528
12 2529
12 2530
12 2531
12 2532
12 2533
12 2534
12 2535
12 2536
12 2537
12 2538
12 2539
12 2540
12 2541
12 2542
12 2543
12 2544
12 2545
12 2546
12 2547
12 2548
12 2549
12 2550
12 2551
12 2552
12 2553
12 2554
12 2555
12 2556
12 2557
12 2558
12 2559
12 2560
12 2561
12 2562
12 2563
12 2564
12 2565
12 2566
12 2567
12 2568
12 2569
12 2570
12 2571
12 2572
12 2573
12 2574
12 2575
12 2576
12 2577
12 2578
12 2579
12 2580
12 2581
12 2582
12 2583
12 2584
12 2585
12 2586
12 2587
12 2588
12 2589
12 2590
12 2591
12 2592
12 2593
12 2594
12 2595
12 2596
12 2597
12 2598
12 2599
12 2600
12 2601
12 2602
12 2603
12 2604
12 2605
12 2606
12 2607
12 2608
12 2609
12 2610
12 2611
12 2612
12 2613
12 2614
12 2615
12 2616
12 2617
12 2618
12 2619
12 2620
12 2621
12 2622
12 2623
12 2624
12 2625
12 2626
12 2627
12 2628
12 2629
12 2630
12 2631
12 2632
12 2633
12 2634
12 2635
12 2636
12 2637
12 2638
12 2639
12 2640
12 2641
12 2642
12 2643
12 2644
12 2645
12 2646
12 2647
12 2648
12 2649
12 2650
12 2651
12 2652
12 2653
12 2654
12 2655
12 2656
12 2657
12 2658
12 2659
12 2660
12 2661
12 2662
12 2663
12 2664
12 2665
12 2666
12 2667
12 2668
12 2669
12 2670
12 2671
12 2672
12 2673
12 2674
12 2675
12 2676
12 2677
12 2678
12 2679
12 2680
12 2681
12 2682
12 2683
12 2684
12 2685
12 2686
12 2687
12 2688
12 2689
12 2690
12 2691
12 2692
12 2693
12 2694
12 2695
12 2696
12 2697
12 2698
12 2699
12 2700
12 2701
12 2702
12 2703
12 2704
12 2705
12 2706
12 2707
12 2708
12 2709
12 2710
12 2711
12 2712
12 2713
12 2714
12 2715
12 2716
12 2717
12 2718
12 2719
12 2720
12 2721
12 2722
12 2723
12 2724
12 2725
12 2726
12 2727
12 2728
12 2729
12 2730
12 2731
12 2732
12 2733
12 2734
12 2735
12 2736
12 2737
12 2738
12 2739
12 2740
12 2741
12 2742
12 2743
12 2744
12 2745
12 2746
12 2747
12 2748
12 2749
12 2750
12 2751
12 2752
12 2753
12 2754
12 2755
12 2756
12 2757
12 2758
12 2759
12 2760
12 2761
12 2762
12 2763
12 2764
12 2765
12 2766
12 2767
12 2768
12 2769
12 2770
12 2771
12 2772
12 2773
12 2774
12 2775
12 2776
12 2777
12 2778
12 2779
12 2780
12 2781
12 2782
12 2783
12 2784
12 2785
12 2786
12 2787
12 2788
12 2789
12 2790
12 2791
12 2792
12 2793
12 2794
12 2795
12 2796
12 2797
12 2798
12 2799
12 2800
12 2801
12 2802
12 2803
12 2804
12 2805
12 2806
12 2807
12 2808
12 2809
12 2810
12 2811
12 2812
12 2813
12 2814
12 2815
12 2816
12 2817
12 2818
12 2819
12 2820
12 2821
12 2822
12 2823
12 2824
12 2825
12 2826
12 2827
12 2828
12 2829
12 2830
12 2831
12 2832
12 2833
12 2834
12 2835
12 2837
12 2839
12 2841
12 2842
12 2843
12 2844
12 2845
12 2846
12 2847
12 2848
12 2849
12 2850
12 2851
12 2852
12 2853
12 2854
12 2855
12 2856
12 2857
12 2858
12 2859
12 2860
12 2861
12 2862
12 2863
12 2864
12 2865
12 2866
12 2867
12 2868
12 2869
12 2870
12 2871
12 2872
12 2873
12 2874
12 2875
12 2876
12 2877
12 2878
12 2879
12 2880
12 2881
12 2882
12 2883
12 2884
12 2885
12 2886
12 2887
12 2888
12 2889
12 2890
12 2891
12 2892
12 2893
12 2894
12 2895
12 2896
12 2897
12 2898
12 2899
12 2900
12 2901
12 2902
12 2903
12 2904
12 2905
12 2906
12 2907
12 2908
12 2909
12 2910
12 2911
12 2912
12 2913
12 2914
12 2915
12 2916
12 2917
12 2918
12 2919
12 2920
12 2921
12 2922
12 2923
12 2924
12 2925
12 2926
12 2927
12 2928
12 2929
12 2930
12 2931
12 2932
12 2933
12 2934
12 2935
12 2936
12 2937
12 2938
12 2939
12 2940
12 2941
12 2942
12 2943
12 2944
12 2945
12 2946
12 2947
12 2948
12 2949
12 2950
12 2951
12 2952
12 2953
12 2954
12 2955
12 2956
12 2957
12 2958
12 2959
12 2960
12 2961
12 2962
12 2963
12 2964
12 2965
12 2966
12 2967
12 2968
12 2969
12 2970
12 2971
12 2972
12 2973
12 2974
12 2975
12 2976
12 2977
12 2978
12 2979
12 2980
12 2981
12 2982
12 2983
12 2984
12 2985
12 2986
12 2987
12 2988
12 2989
12 2990
12 2991
12 2992
12 2993
12 2994
12 2995
12 2996
12 2997
12 2998
12 2999
12 3000
12 3001
12 3002
12 3003
12 3004
12 3005
12 3006
12 3007
12 3008
12 3009
12 3010
12 3011
12 3012
12 3013
12 3014
12 3015
12 3016
12 3017
12 3018
12 3019
12 3020
12 3021
12 3022
12 3023
12 3024
12 3025
12 3026
12 3027
12 3028
12 3029
12 3030
12 3031
12 3032
12 3033
12 3034
12 3035
12 3036
12 3037
12 3038
12 3039
12 3040
12 3041
12 3042
12 3043
12 3044
12 3045
12 3046
12 3047
12 3048
12 3049
12 3050
12 3051
12 3052
12 3053
12 3054
12 3055
12 3056
12 3057
12 3058
12 3059
12 3060
12 3061
12 3062
12 3063
12 3064
12 3065
12 3066
12 3067
12 3068
12 3069
12 3070
12 3071
12 3072
12 3073
12 3074
12 3075
12 3076
12 3077
12 3078
12 3079
12 3080
12 3081
12 3082
12 3083
12 3084
12 3085
12 3086
12 3087
12 3088
12 3089
12 3090
12 3091
12 3092
12 3093
12 3094
12 3095
12 3096
12 3097
12 3098
12 3099
12 3100
12 3101
12 3102
12 3103
12 3104
12 3105
12 3106
12 3107
12 3108
12 3109
12 3110
12 3111
12 3112
12 3113
12 3114
12 3115
12 3116
12 3117
12 3118
12 3119
12 3120
12 3121
12 3122
12 3123
12 3124
12 3125
12 3126
12 3127
12 3128
12 3129
12 3130
12 3131
12 3132
12 3133
12 3134
12 3135
12 3136
12 3137
12 3138
12 3139
12 3140
12 3141
12 3142
12 3143
12 3144
12 3145
12 3146
12 3147
12 3148
12 3149
12 3150
12 3151
12 3152
12 3153
12 3154
12 3155
12 3156
12 3157
12 3158
12 3159
12 3160
12 3161
12 3162
12 3163
12 3164
12 3165
12 3166
12 3167
12 3168
12 3169
12 3170
12 3171
12 3172
12 3173
12 3174
12 3175
12 3176
12 3177
12 3178
12 3179
12 3180
12 3181
12 3182
12 3183
12 3184
12 3185
12 3186
12 3187
12 3188
12 3189
12 3190
12 3191
12 3192
12 3193
12 3194
12 3195
12 3196
12 3197
12 3198
12 3199
12 3200
12 3201
12 3202
12 3203
12 3204
12 3205
12 3206
12 3207
12 3208
12 3209
12 3210
12 3211
12 3212
12 3213
12 3214
12 3215
12 3216
12 3217
12 3218
12 3219
12 3220
12 3221
12 3222
12 3223
12 3224
12 3225
12 3226
12 3227
12 3228
12 3229
12 3230
12 3231
12 3232
12 3233
12 3234
12 3235
12 3236
12 3237
12 3238
12 3239
12 3240
12 3241
12 3242
12 3243
12 3244
12 4131
12 4132
12 4133
12 4134
12 4135
12 4136
12 4137
12 4138
12 4139
12 4140
12 4142
12 4144
12 4146
12 4148
12 4150
12 4152
12 4154
12 4156
12 4158
12 4160
12 4162
12 4164
12 4166
12 4168
12 4170
12 4172
12 4174
12 4176
12 4178
12 4180
12 4182
12 4184
12 4186
12 4188
12 4190
12 4192
12 4194
12 4196
12 4198
12 4200
12 4202
12 4204
12 4206
12 4208
12 4210
12 4212
12 4214
12 4216
12 4218
12 4220
12 4222
12 4224
12 4226
12 4228
12 4230
12 4232
12 4234
12 4236
12 4238
12 4240
12 4242
12 4244
12 4246
12 4248
12 4250
12 4252
12 4254
12 4256
12 4258
12 4260
12 4262
12 4264
12 4266
12 4268
12 4270
12 4272
12 4274
12 4276
12 4278
12 4280
12 4282
12 4284
12 4286
12 4288
12 4290
12 4292
12 4294
12 4296
12 4298
12 4300
12 4302
12 4304
12 4306
12 4308
12 4310
12 4312
12 4314
12 4316
12 4318
12 4320
12 4422
12 4423
12 4424
12 4425
12 4426
12 4427
12 4428
12 4429
12 4430
12 4431
12 4432
12 4433
12 4434
12 4435
12 4436
12 4437
12 4438
12 4439
12 4440
12 4441
12 4442
12 4443
12 4444
12 4445
12 4446
12 4447
12 4448
12 4449
12 4450
12 4451
12 4452
12 4453
12 4454
12 4455
12 4456
12 4457
12 4458
12 4459
12 4460
12 4461
12 4462
12 4463
12 4464
12 4465
12 4466
12 4467
12 4468
12 4469
12 4470
12 4471
12 4472
12 4473
12 4474
12 4475
12 4476
12 4477
12 4478
12 4479
12 4480
12 4481
12 4482
12 4483
12 4484
12 4485
12 4486
12 4487
12 4488
12 4489
12 4490
12 4491
12 4492
12 4493
12 4494
12 4495
12 4496
12 4497
12 4498
12 4499
12 4500
12 4501
12 4502
12 4503
12 4504
12 4505
12 4506
12 4507
12 4508
12 4509
12 4510
12 4521
12 4522
12 4523
12 4524
12 4525
12 4526
12 4527
12 4528
12 4529
12 4530
12 4531
12 4532
12 4533
12 4534
12 4535
12 4536
12 4537
12 4538
12 4539
12 4540
12 4541
12 4542
12 4543
12 4544
12 4545
12 4546
12 4547
12 4548
12 4549
12 4550
12 4551
12 4552
12 4553
12 4554
12 4555
12 4556
12 4557
12 4558
12 4559
12 4560
12 4561
12 4562
12 4563
12 4564
12 4565
12 4566
12 4567
12 4568
12 4569
12 4570
12 4571
12 4572
12 4573
12 4574
12 4575
12 4576
12 4577
12 4578
12 4579
12 4580
12 4581
12 4582
12 4583
12 4584
12 4585
12 4586
12 4587
12 4588
12 4589
12 4590
12 4591
12 4592
12 4593
12 4594
12 4595
12 4596
12 4597
12 4598
12 4599
12 4600
12 4601
12 4602
12 4603
12 4604
12 4605
12 4606
12 4607
12 4608
12 4609
12 4610
12 4611
12 4612
12 4613
12 4614
12 4615
12 4616
12 4617
12 4618
12 4619
12 4620
12 4621
12 4622
12 4624
12 4626
12 4628
12 4630
12 4632
12 4634
12 4636
12 4638
12 4640
12 4642
12 4644
12 4645
12 4646
12 4647
12 4648
12 4649
12 4650
12 4651
12 4652
12 4653
12 4654
12 4655
12 4656
12 4657
12 4658
12 4659
12 4660
12 4661
12 4662
12 4663
12 4664
12 4665
12 4666
12 4667
12 4668
12 4669
12 4670
12 4671
12 4672
12 4673
12 4674
12 4675
12 4676
12 4678
12 4680
12 4682
12 6721
12 6722
12 6723
12 6724
12 6725
12 6726
12 6727
12 6728
12 6729
12 6730
12 6731
12 6732
12 7117
12 7118
12 7119
12 7120
12 7121
12 7122
12 7123
12 7124
12 7125
12 7126
12 7127
12 7128
12 7129
12 7130
12 7131
12 7132
12 7133
12 7134
12 7135
12 7136
12 7137
12 7138
12 7139
12 7140
12 7141
12 7142
12 7143
12 7144
12 7145
12 7146
12 7147
12 7148
12 7149
12 7150
12 7151
12 7152
12 7153
12 7154
12 7155
12 7156
12 7157
12 7158
12 7159
12 7160
12 7161
12 7162
12 7163
12 7164
12 7165
12 7166
12 7167
12 7168
12 7169
12 7170
12 7171
12 7172
12 7173
12 7174
12 7175
12 7176
12 7177
12 7178
12 7179
12 7180
12 7181
12 7182
12 7183
12 7184
12 7185
12 7186
12 7187
12 7188
12 7189
12 7190
12 7191
12 7192
12 7193
12 7194
12 7195
12 7196
13 0
13 1
13 2
13 3
13 4
13 5
13 6
13 7
13 8
13 9
13 10
13 11
13 12
13 13
13 14
13 15
13 16
13 17
13 18
13 19
13 20
13 21
13 22
13 23
13 24
13 25
13 26
13 27
13 28
13 29
13 30
13 31
13 32
13 33
13 34
13 35
13 36
13 37
13 38
13 39
13 40
13 41
13 42
13 43
13 44
13 45
13 46
13 47
13 48
13 49
13 50
13 51
13 52
13 53
13 54
13 55
13 56
13 57
13 58
13 59
13 60
13 61
13 62
13 63
13 64
13 65
13 66
13 67
13 68
13 69
13 70
13 71
13 72
13 73
13 74
13 75
13 76
13 77
13 78
13 79
13 80
13 81
13 82
13 83
13 84
13 85
13 86
13 87
13 88
13 89
13 90
13 91
13 92
13 93
13 94
13 95
13 96
13 97
13 98
13 99
13 100
13 101
13 102
13 103
13 104
13 105
13 106
13 107
13 108
13 109
13 110
13 111
13 112
13 113
13 114
13 115
13 116
13 117
13 118
13 119
13 120
13 121
13 122
13 123
13 124
13 125
13 126
13 127
13 128
13 129
13 130
13 131
13 132
13 133
13 134
13 135
13 136
13 137
13 138
13 139
13 140
13 141
13 142
13 143
13 144
13 145
13 146
13 147
13 148
13 149
13 150
13 151
13 152
13 153
13 154
13 155
13 156
13 157
13 158
13 159
13 160
13 161
13 162
13 163
13 164
13 165
13 166
13 167
13 168
13 169
13 170
13 171
13 172
13 173
13 174
13 175
13 176
13 177
13 178
13 179
13 180
13 181
13 182
13 183
13 184
13 185
13 186
13 187
13 188
13 189
13 190
13 191
13 192
13 193
13 194
13 195
13 196
13 197
13 198
13 199
13 200
13 201
13 202
13 203
13 204
13 205
13 206
13 207
13 208
13 209
13 210
13 211
13 212
13 213
13 214
13 215
13 216
13 217
13 218
13 219
13 220
13 221
13 222
13 223
13 224
13 225
13 226
13 227
13 228
13 229
13 230
13 231
13 232
13 233
13 234
13 235
13 236
13 237
13 238
13 239
13 240
13 241
13 242
13 243
13 244
13 245
13 246
13 247
13 248
13 249
13 250
13 251
13 252
13 253
13 254
13 255
13 256
13 257
13 258
13 259
13 260
13 261
13 262
13 263
13 264
13 265
13 266
13 267
13 268
13 269
13 270
13 271
13 272
13 273
13 274
13 275
13 276
13 277
13 278
13 279
13 280
13 281
14 0
14 1
14 2
14 3
14 4
14 5
14 6
14 7
14 8
14 9
14 10
14 11
14 12
14 13
14 14
14 15
14 16
14 17
14 18
14 19
14 20
14 21
14 22
14 23
14 24
14 25
14 26
14 27
14 28
14 29
14 30
14 31
14 32
14 33
14 34
15 0
15 1
15 2
15 3
15 4
15 5
15 6
15 7
15 8
15 9
15 10
15 11
15 12
15 13
15 14
15 15
15 16
15 17
15 18
15 19
15 20
15 21
16 0
16 1
16 2
16 3
16 4
16 5
16 6
16 7
16 8
16 9
16 10
16 11
16 12
16 13
16 14
16 15
16 16
16 17
16 18
16 19
16 20
16 21
16 22
16 23
16 24
16 25
16 26
16 27
16 28
16 29
16 30
16 31
16 32
16 33
16 34
16 35
16 36
16 37
16 38
16 39
16 40
16 41
16 42
16 43
16 44
16 45
16 46
16 47
16 48
16 49
16 50
16 51
16 52
16 53
17 0
17 1
17 2
17 3
17 4
17 5
17 6
17 7
17 8
17 9
17 10
17 11
17 12
17 13
17 14
17 15
17 16
17 17
17 18
17 19
17 20
17 21
17 22
17 23
17 24
17 25
17 26
17 27
17 28
17 29
17 30
17 31
17 32
17 33
17 34
17 35
17 36
17 37
17 38
17 39
17 40
17 41
17 42
17 43
17 44
17 45
17 46
17 47
17 48
17 49
17 50
17 51
17 52
17 53
17 54
17 55
17 56
17 57
17 58
17 59
17 60
17 61
17 62
17 63
17 64
17 65
17 66
17 67
17 68
17 69
17 70
17 71
17 72
17 73
17 74
17 75
17 101
17 102
17 103
17 104
17 105
17 106
17 107
17 108
17 109
17 110
17 111
17 112
17 113
17 114
17 115
17 116
17 117
17 118
17 119
17 120
17 121
17 122
17 123
17 124
17 125
17 126
17 127
17 128
17 129
17 130
17 131
17 132
17 133
17 134
17 135
17 141
17 142
17 143
17 144
17 145
17 146
17 147
17 148
18 0
18 1
18 2
18 3
18 4
18 5
18 6
18 7
18 8
18 9
18 10
18 11
18 12
18 13
18 14
18 15
18 16
18 17
18 18
18 19
18 20
18 21
18 22
18 23
19 0
19 1
19 2
19 3
19 4
19 5
19 6
19 7
19 8
19 9
19 10
19 11
19 12
19 13
19 14
19 15
19 16
19 17
19 18
19 19
19 20
19 21
19 22
19 23
19 24
19 25
19 26
19 27
19 28
19 29
19 30
19 31
19 32
19 33
19 34
19 35
19 36
19 37
19 38
19 39
19 40
19 41
19 42
19 43
19 44
19 45
19 46
19 47
19 48
19 49
19 50
19 51
19 52
19 53
19 54
19 55
19 56
19 57
19 58
19 59
19 60
19 61
19 62
19 63
19 64
19 65
19 66
19 67
19 68
19 69
19 70
19 71
19 72
19 73
19 74
19 75
19 76
19 77
19 78
19 79
19 80
19 81
19 82
19 83
19 84
19 85
19 86
19 87
19 88
19 89
19 90
19 91
19 92
19 93
19 94
19 95
19 96
19 97
19 98
19 99
19 100
19 101
19 102
19 103
19 104
19 105
19 106
19 107
19 108
19 109
19 110
19 111
19 112
19 113
19 114
19 115
19 116
19 117
19 118
19 119
19 120
19 121
19 122
19 123
19 124
19 125
19 126
19 127
19 128
19 129
19 130
19 131
19 132
19 133
19 134
19 135
19 136
19 137
19 138
19 139
19 140
19 141
19 142
19 143
19 144
19 145
19 146
19 147
19 148
19 149
19 150
19 151
19 152
19 153
19 154
19 155
19 156
19 157
19 158
19 159
19 160
19 161
19 162
19 163
19 164
19 165
19 166
19 167
19 168
19 169
19 170
19 171
19 172
19 173
19 174
19 175
19 176
19 177
19 178
19 179
19 180
19 181
19 182
19 183
19 184
19 185
19 186
19 187
19 188
19 189
19 190
19 191
19 192
19 193
19 194
19 195
19 196
19 197
19 198
19 199
19 200
19 201
19 202
19 203
19 204
19 205
19 206
19 207
19 208
19 209
19 210
19 211
19 212
19 213
19 214
19 215
19 216
19 217
19 218
19 219
19 220
19 221
19 222
19 223
19 224
19 225
19 226
19 227
19 228
19 229
19 230
19 231
19 232
19 233
19 234
19 235
19 236
19 237
19 238
19 239
19 240
19 241
19 242
19 243
19 244
19 245
19 246
19 247
19 248
19 249
19 250
19 251
19 252
19 253
19 254
19 255
19 256
19 257
19 258
19 259
19 260
19 261
19 262
19 263
19 264
19 265
19 266
19 267
19 268
19 269
19 270
19 271
19 272
19 273
19 274
19 275
19 276
19 277
19 278
19 279
19 280
19 281
19 282
19 283
19 284
19 285
19 286
19 287
19 288
19 289
19 290
19 291
19 292
19 293
19 294
19 295
19 296
19 297
19 298
19 299
19 300
19 301
19 302
19 303
19 304
19 305
19 306
19 307
19 308
19 309
19 310
19 311
19 312
19 313
19 314
19 315
19 316
19 317
19 318
19 319
19 320
19 321
19 322
19 323
19 324
19 325
19 326
19 327
19 328
19 329
19 330
19 331
19 332
19 333
19 334
19 335
19 336
19 337
19 338
19 339
19 340
19 341
19 342
19 343
19 344
19 345
19 346
19 347
19 348
19 349
19 350
19 351
19 352
19 353
19 354
19 355
19 356
19 357
19 358
19 359
19 360
19 361
19 362
19 363
19 364
19 365
19 366
19 367
19 368
19 369
19 370
19 371
19 372
19 373
19 374
19 375
19 376
19 377
19 378
19 379
19 380
19 381
19 382
19 383
19 384
19 385
19 386
19 387
19 388
19 389
19 390
19 391
19 392
19 393
19 394
19 395
19 396
19 397
19 398
19 399
19 400
19 401
19 402
19 403
19 404
19 405
19 406
19 407
19 408
19 409
19 410
19 411
19 412
19 413
19 414
19 415
19 416
19 417
19 418
19 419
19 420
19 421
19 422
19 423
19 424
19 425
19 426
19 427
19 428
19 429
19 430
19 431
19 432
19 433
19 434
19 435
19 436
19 437
19 438
19 439
19 440
19 441
19 442
19 443
19 444
19 445
19 446
19 447
19 448
19 449
19 450
19 451
19 452
19 453
19 454
19 455
19 456
19 457
19 458
19 459
19 460
19 461
19 462
19 463
19 464
19 465
19 466
19 467
19 468
19 469
19 470
19 471
19 472
19 473
19 474
19 475
19 476
19 477
19 478
19 479
19 480
19 481
19 482
19 483
19 484
19 485
19 486
19 487
19 488
19 489
19 490
19 491
19 492
19 493
19 494
19 495
19 496
19 497
19 498
19 499
19 500
19 501
19 502
19 503
19 504
19 505
19 506
19 507
19 508
19 509
19 510
19 511
19 512
19 513
19 514
19 515
19 516
19 517
19 518
19 519
19 520
19 521
19 522
19 523
19 524
19 525
19 526
19 527
19 528
19 529
19 530
19 531
19 532
19 533
19 534
19 535
19 536
19 537
19 538
19 539
19 540
19 541
19 542
19 543
19 544
19 545
19 546
19 547
19 548
19 549
19 550
19 551
19 552
19 553
19 554
19 555
19 556
19 557
19 558
19 559
19 560
19 561
19 562
19 563
19 564
19 565
19 566
19 567
19 568
19 569
19 570
19 571
19 572
19 573
19 574
19 575
19 576
19 577
19 578
19 579
19 580
19 581
19 582
19 583
19 584
19 585
19 586
19 587
19 588
19 589
19 590
19 591
19 592
19 593
19 594
19 595
19 596
19 597
19 598
19 599
19 600
19 601
19 602
19 603
19 604
19 605
19 606
19 607
19 608
19 609
19 610
19 611
19 612
19 613
19 614
19 615
19 616
19 617
19 618
19 619
19 620
19 621
19 622
19 623
19 624
19 625
19 626
19 627
19 628
19 629
19 630
19 631
19 632
19 633
19 634
19 635
19 636
19 637
19 638
19 639
19 640
19 641
19 642
19 643
19 644
19 645
19 646
19 647
19 648
19 649
19 650
19 651
19 652
19 653
19 654
19 655
19 656
19 657
19 658
19 659
19 660
19 661
19 662
19 663
19 664
19 665
19 666
19 667
19 668
19 669
19 670
19 671
19 672
19 673
19 674
19 675
19 676
19 677
19 678
19 679
19 680
19 681
19 682
19 683
19 684
19 685
19 686
19 687
19 688
19 689
19 690
19 691
19 692
19 693
19 694
19 695
19 696
19 697
19 698
19 699
19 700
19 701
19 702
19 703
19 704
19 705
19 706
19 707
19 708
19 709
19 710
19 711
19 712
19 713
19 714
19 715
19 716
19 717
19 718
19 719
19 720
19 721
19 722
19 723
19 724
19 725
19 726
19 727
19 728
19 729
19 730
19 731
19 732
19 733
19 734
19 735
19 736
19 737
19 738
19 739
19 740
19 741
19 742
19 743
19 744
19 745
19 746
19 747
19 748
19 749
19 750
19 751
19 752
19 753
19 754
19 755
19 756
19 757
19 758
19 759
19 760
19 761
19 762
19 763
19 764
19 765
19 766
19 767
19 768
19 769
19 770
19 771
19 772
19 773
19 774
19 775
19 776
19 777
19 778
19 779
19 780
19 781
19 782
19 783
19 784
19 785
19 786
19 787
19 788
19 789
19 790
19 791
19 792
19 793
19 794
19 795
19 796
19 797
19 798
19 799
19 800
19 801
19 802
19 803
19 804
19 805
19 806
19 807
19 808
19 809
19 810
19 811
19 812
19 813
19 814
19 815
19 816
19 817
19 818
19 819
19 820
19 821
19 822
19 823
19 824
19 825
19 826
19 827
19 828
19 829
19 830
19 831
19 832
19 833
19 834
19 835
19 836
19 837
19 838
19 839
19 840
19 841
19 842
19 843
19 844
19 845
19 846
19 847
19 848
19 849
19 850
19 851
19 852
19 853
19 854
19 855
19 856
19 857
19 858
19 859
19 860
19 861
19 862
19 863
19 864
19 865
19 866
19 867
19 868
19 869
19 870
19 871
19 872
19 873
19 874
19 875
19 876
19 877
19 878
19 879
19 880
19 881
19 882
19 883
19 884
19 885
19 886
19 887
19 888
19 889
19 890
19 891
19 892
19 893
19 894
19 895
19 896
19 897
19 898
19 899
19 900
19 901
19 902
19 903
19 904
19 905
19 906
19 907
19 908
19 909
19 910
19 911
19 912
19 913
19 914
19 915
19 916
19 917
19 918
19 919
19 920
19 921
19 922
19 923
19 924
19 925
19 926
19 927
19 928
19 929
19 930
19 931
19 932
19 933
19 934
19 935
19 936
19 937
19 938
19 939
19 940
19 941
19 942
19 943
19 944
19 945
19 946
19 947
19 948
19 949
19 950
19 951
19 952
19 953
19 954
19 955
19 956
19 957
19 958
19 959
19 960
19 961
19 962
19 963
19 964
19 965
19 966
19 967
19 968
19 969
19 970
19 971
19 972
19 973
19 974
19 975
19 976
19 977
19 978
19 979
19 980
19 981
19 982
19 983
19 984
19 985
19 986
19 987
19 988
19 989
19 990
19 991
19 992
19 993
19 994
19 995
19 996
19 997
19 998
19 999
19 1000
19 1001
19 1002
19 1003
19 1004
19 1005
19 1006
19 1007
19 1008
19 1009
19 1010
19 1011
19 1012
19 1013
19 1014
19 1015
19 1016
19 1017
19 1018
19 1019
19 1020
19 1021
19 1022
19 1023
19 1024
19 1025
19 1026
19 1027
19 1028
19 1029
19 1030
19 1031
19 1032
19 1033
19 1034
19 1035
19 1036
19 1037
19 1038
19 1039
19 1040
19 1041
19 1042
19 1043
19 1044
19 1045
19 1046
19 1047
19 1048
19 1049
19 1050
19 1051
19 1052
19 1053
19 1054
19 1055
19 1056
19 1057
19 1058
19 1059
19 1060
19 1061
19 1062
19 1063
19 1064
19 1065
19 1066
19 1067
19 1068
19 1069
19 1070
19 1071
19 1072
19 1073
19 1074
19 1075
19 1076
19 1077
19 1078
19 1079
19 1080
19 1081
19 1082
19 1083
19 1084
19 1085
19 1086
19 1087
19 1088
19 1089
19 1090
19 1091
19 1092
19 1093
19 1094
19 1095
19 1096
19 1097
19 1098
19 1099
19 1100
19 1101
19 1102
19 1103
19 1104
19 1105
19 1106
19 1107
19 1108
19 1109
19 1110
19 1111
19 1112
19 1113
19 1114
19 1115
19 1116
19 1117
19 1118
19 1119
19 1120
19 1121
19 1122
19 1123
19 1124
19 1125
19 1126
19 1127
19 1128
19 1129
19 1130
19 1131
19 1132
19 1133
19 1134
19 1135
19 1136
19 1137
19 1138
19 1139
19 1140
19 1141
19 1142
19 1143
19 1144
19 1145
19 1146
19 1147
19 1148
19 1149
19 1150
19 1151
19 1152
19 1153
19 1154
19 1155
19 1156
19 1157
19 1158
19 1159
19 1160
19 1161
19 1162
19 1163
19 1164
19 1165
19 1166
19 1167
19 1168
19 1169
19 1170
19 1171
19 1172
19 1173
19 1174
19 1175
19 1176
19 1177
19 1178
19 1179
19 1180
19 1181
19 1182
19 1183
19 1184
19 1185
19 1186
19 1187
19 1188
19 1189
19 1190
19 1191
19 1192
19 1193
19 1194
19 1195
19 1196
19 1197
19 1198
19 1199
19 1200
19 1201
19 1202
19 1203
19 1204
19 1205
19 1206
19 1207
19 1208
19 1209
19 1210
19 1211
19 1212
19 1213
19 1214
19 1215
19 1216
19 1217
19 1218
19 1219
19 1220
19 1221
19 1222
19 1223
19 1224
19 1225
19 1226
19 1227
19 1228
19 1229
19 1230
19 1231
19 1232
19 1233
19 1234
19 1235
19 1236
19 1237
19 1238
19 1239
19 1240
19 1241
19 1242
19 1243
19 1244
19 1245
19 1246
19 1247
19 1248
19 1249
19 1250
19 1251
19 1252
19 1253
19 1254
19 1255
19 1256
19 1257
19 1258
19 1259
19 1260
19 1261
19 1262
19 1263
19 1264
19 1265
19 1266
19 1267
19 1268
19 1269
19 1270
19 1271
19 1272
19 1273
19 1274
19 1275
19 1276
19 1277
19 1278
19 1279
19 1280
19 1281
19 1282
19 1283
19 1284
19 1285
19 1286
19 1287
19 1288
19 1289
19 1290
19 1291
19 1292
19 1293
19 1294
19 1295
19 1296
19 1297
19 1298
19 1299
19 1300
19 1301
19 1302
19 1303
19 1304
19 1305
19 1306
19 1307
19 1308
19 1309
19 1310
19 1311
19 1312
19 1313
19 1314
19 1315
19 1316
19 1317
19 1318
19 1319
19 1320
19 1321
19 1322
19 1323
19 1324
19 1325
19 1326
19 1327
19 1328
19 1329
19 1330
19 1331
19 1332
19 1333
19 1334
19 1335
19 1336
19 1337
19 1338
19 1339
19 1340
19 1341
19 1342
19 1343
19 1344
19 1345
19 1346
19 1347
19 1348
19 1349
19 1350
19 1351
19 1352
19 1353
19 1354
19 1355
19 1356
19 1357
19 1358
19 1359
19 1360
19 1361
19 1362
19 1363
19 1364
19 1365
19 1366
19 1367
19 1368
19 1369
19 1370
19 1371
19 1372
19 1373
19 1374
19 1375
19 1376
19 1377
19 1378
19 1379
19 1380
19 1381
19 1382
19 1383
19 1384
19 1385
19 1386
19 1387
19 1388
19 1389
19 1390
19 1391
19 1392
19 1393
19 1394
19 1395
19 1396
19 1397
19 1398
19 1399
19 1400
19 1401
19 1402
19 1403
19 1404
19 1405
19 1406
19 1407
19 1408
19 1409
19 1410
19 1411
19 1412
19 1413
19 1414
19 1415
19 1416
19 1417
19 1418
19 1419
19 1420
19 1421
19 1422
19 1423
19 1424
19 1425
19 1426
19 1427
19 1428
19 1429
19 1430
19 1431
19 1432
19 1433
19 1434
19 1435
19 1436
19 1437
19 1438
19 1439
19 1440
19 1441
19 1442
19 1443
19 1445
19 1446
19 1447
19 1448
19 1449
19 1450
19 1451
19 1452
19 1453
19 1454
19 1455
19 1456
19 1457
19 1458
19 1459
19 1460
19 1461
19 1462
19 1463
19 1464
19 1465
19 1466
19 1467
19 1468
19 1469
19 1470
19 1471
19 1472
19 1473
19 1474
19 1475
19 1476
19 1477
19 1478
19 1479
19 1480
19 1481
19 1482
19 1483
19 1484
19 1485
19 1486
19 1487
19 1488
19 1489
19 1490
19 1491
19 1492
19 1493
19 1494
19 1495
19 1496
19 1497
19 1498
19 1499
19 1500
19 1501
19 1502
19 1503
19 1504
19 1505
19 1506
19 1507
19 1508
19 1509
19 1510
19 1511
19 1512
19 1513
19 1514
19 1515
19 1516
19 1517
19 1518
19 1519
19 1520
19 1521
19 1522
19 1523
19 1524
19 1525
19 1526
19 1527
19 1528
19 1529
19 1530
19 1531
19 1532
19 1533
19 1534
19 1535
19 1536
19 1537
19 1538
19 1539
19 1540
19 1541
19 1542
19 1543
19 1544
19 1545
19 1546
19 1547
19 1548
19 1549
19 1550
19 1551
19 1552
19 1553
19 1554
19 1555
19 1556
19 1557
19 1558
19 1559
19 1560
19 1561
19 1562
19 1563
19 1564
19 1565
19 1566
19 1567
19 1568
19 1569
19 1570
19 1571
19 1572
19 1573
19 1574
19 1575
19 1576
19 1577
19 1578
19 1579
19 1580
19 1581
19 1582
19 1583
19 1584
19 1585
19 1586
19 1587
19 1588
19 1589
19 1590
19 1591
19 1592
19 1593
19 1594
19 1595
19 1596
19 1597
19 1598
19 1599
19 1600
19 1601
19 1602
19 1603
19 1604
19 1605
19 1606
19 1607
19 1608
19 1609
19 1610
19 1611
19 1612
19 1613
19 1614
19 1615
19 1616
19 1617
19 1618
19 1619
19 1620
19 1621
19 1622
19 1623
19 1624
19 1625
19 1626
19 1627
19 1628
19 1629
19 1630
19 1631
19 1632
19 1633
19 1634
19 1635
19 1636
19 1637
19 1638
19 1639
19 1640
19 1641
19 1642
19 1643
19 1644
19 1645
19 1646
19 1647
19 1648
19 1649
19 1650
19 1651
19 1652
19 1653
19 1654
19 1655
19 1656
19 1657
19 1658
19 1659
19 1660
19 1661
19 1662
19 1663
19 1664
19 1665
19 1666
19 1667
19 1668
19 1669
19 1670
19 1671
19 1672
19 1673
19 1674
19 1675
19 1676
19 1677
19 1678
19 1679
19 1680
19 1681
19 1682
19 1683
19 1684
19 1685
19 1686
19 1687
19 1688
19 1689
19 1690
19 1691
19 1692
19 1693
19 1694
19 1695
19 1696
19 1697
19 1698
19 1699
19 1700
19 1701
19 1702
19 1703
19 1704
19 1705
19 1706
19 1707
19 1708
19 1709
19 1710
19 1711
19 1712
19 1713
19 1714
19 1715
19 1716
19 1717
19 1718
19 1719
19 1720
19 1721
19 1722
19 1723
19 1724
19 1725
19 1726
19 1727
19 1728
19 1729
19 1730
19 1731
19 1732
19 1733
19 1734
19 1735
19 1736
19 1737
19 1738
19 1739
19 1740
19 1741
19 1742
19 1743
19 1744
19 1745
19 1746
19 1747
19 1748
19 1749
19 1750
19 1751
19 1752
19 1753
19 1754
19 1755
19 1756
19 1757
19 1758
19 1759
19 1760
19 1761
19 1762
19 1763
19 1764
19 1765
19 1766
19 1767
19 1768
19 1769
19 1770
19 1771
19 1772
19 1773
19 1774
19 1775
19 1776
19 1777
19 1778
19 1779
19 1780
19 1781
19 1782
19 1783
19 1784
19 1785
19 1786
19 1787
19 1788
19 1789
19 1790
19 1791
19 1792
19 1793
19 1794
19 1795
19 1796
19 1797
19 1798
19 1799
19 1800
19 1801
19 1802
19 1803
19 1804
19 1805
19 1806
19 1807
19 1808
19 1809
19 1810
19 1811
19 1812
19 1813
19 1814
19 1815
19 1816
19 1817
19 1818
19 1819
19 1820
19 1821
19 1822
19 1823
19 1824
19 1825
19 1826
19 1827
19 1828
19 1829
19 1830
19 1831
19 1832
19 1833
19 1834
19 1835
19 1836
19 1837
19 1838
19 1839
19 1840
19 1841
19 1842
19 1843
19 1844
19 1845
19 1846
19 1847
19 1848
19 1849
19 1850
19 1851
19 1852
19 1853
19 1854
19 1855
19 1856
19 1857
19 1858
19 1859
19 1860
19 1861
19 1862
19 1863
19 1864
19 1865
19 1866
19 1867
19 1868
19 1869
19 1870
19 1871
19 1872
19 1873
19 1874
19 1875
19 1876
19 1877
19 1878
19 1879
19 1880
19 1881
19 1882
19 1883
19 1884
19 1885
19 1886
19 1887
19 1888
19 1889
19 1890
19 1891
19 1892
19 1893
19 1894
19 1895
19 1896
19 1897
19 1898
19 1899
19 1900
19 1901
19 1902
19 1903
19 1904
19 1905
19 1906
19 1907
19 1908
19 1909
19 1910
19 1911
19 1912
19 1913
19 1914
19 1915
19 1916
19 1917
19 1918
19 1919
19 1920
19 1921
19 1922
19 1923
19 1924
19 1925
19 1926
19 1927
19 1928
19 1929
19 1930
19 1931
19 1932
19 1933
19 1934
19 1935
19 1936
19 1937
19 1938
19 1939
19 1940
19 1941
19 1942
19 1943
19 1944
19 1945
19 1946
19 1947
19 1948
19 1949
19 1950
19 1951
19 1952
19 1953
19 1954
19 1955
19 1956
19 1957
19 1958
19 1959
19 1960
19 1961
19 1962
19 1963
19 1964
19 1965
19 1966
19 1967
19 1968
19 1969
19 1970
19 1971
19 1972
19 1973
19 1974
19 1975
19 1976
19 1977
19 1978
19 1979
19 1980
19 1981
19 1982
19 1983
19 1984
19 1985
19 1986
19 1987
19 1988
19 1989
19 1990
19 1991
19 1992
19 1993
19 1994
19 1995
19 1996
19 1997
19 1998
19 1999
19 2000
19 2001
19 2002
19 2003
19 2004
19 2005
19 2006
19 2007
19 2008
19 2009
19 2010
19 2011
19 2012
19 2013
19 2014
19 2015
19 2016
19 2017
19 2018
19 2019
19 2020
19 2021
19 2022
19 2023
19 2024
19 2025
19 2026
19 2027
19 2028
19 2029
19 2030
19 2031
19 2032
19 2033
19 2034
19 2035
19 2036
19 2037
19 2038
19 2039
19 2040
19 2041
19 2042
19 2043
19 2044
19 2045
19 2046
19 2047
19 2048
19 2049
19 2050
19 2051
19 2052
19 2053
19 2054
19 2055
19 2056
19 2057
19 2887
19 2889
19 2891
19 2892
19 2893
19 2894
19 2895
19 2896
19 2897
19 2898
19 2899
19 2900
19 2901
19 2902
19 2903
19 2904
19 2905
19 2906
19 2907
19 2908
19 2909
19 2910
19 2911
19 2912
19 2913
19 2914
19 2915
19 2916
19 2917
19 2918
19 2919
19 2920
19 2921
19 2922
19 2923
19 2924
19 2925
19 2926
19 2927
19 2928
19 2929
19 2930
19 2931
19 2932
19 2933
19 2934
19 2935
19 2936
19 2937
19 2938
19 2939
19 2940
19 2941
19 2942
19 2943
19 2944
19 2945
19 2946
19 2947
19 2948
19 2949
19 2950
19 2951
19 2952
19 2953
19 2954
19 2955
19 2956
19 2957
19 2958
19 2959
19 2960
19 2961
19 2962
19 2963
19 2964
19 2965
19 2966
19 2967
19 2968
19 2969
19 2970
19 2971
19 2972
19 2973
19 2974
19 2975
19 2976
19 2977
19 2978
19 2979
19 2980
19 2981
19 2982
19 2983
19 2984
19 2985
19 2986
19 2987
19 2988
19 2989
19 2990
19 2991
19 2992
19 2993
19 2994
19 2995
19 2996
19 2997
19 2998
19 2999
19 3000
19 3001
19 3002
19 3003
19 3004
19 3005
19 3006
19 3007
19 3008
19 3009
19 3010
19 3011
19 3012
19 3013
19 3014
19 3015
19 3016
19 3017
19 3018
19 3019
19 3020
19 3021
19 3022
19 3023
19 3024
19 3025
19 3026
19 3027
19 3028
19 3029
19 3030
19 3031
19 3032
19 3033
19 3034
19 3035
19 3036
19 3037
19 3038
19 3039
19 3040
19 3041
19 3042
19 3043
19 3044
19 3045
19 3046
19 3047
19 3048
19 3049
19 3050
19 3051
19 3052
19 3053
19 3054
19 3055
19 3056
19 3057
19 3058
19 3059
19 3060
19 3061
19 3062
19 3063
19 3064
19 3065
19 3066
19 3067
19 3068
19 3069
19 3070
19 3071
19 3072
19 3073
19 3074
19 3075
19 3076
19 3077
19 3078
19 3079
19 3080
19 3081
19 3082
19 3083
19 3084
19 3085
19 3086
19 3087
19 3088
19 3089
19 3090
19 3091
19 3092
19 3093
19 3094
19 3095
19 3096
19 3097
19 3098
19 3099
19 3100
19 3101
19 3102
19 3103
19 3104
19 3105
19 3106
19 3107
19 3108
19 3109
19 3110
19 3111
19 3112
19 3113
19 3114
19 3115
19 3116
19 3117
19 3118
19 3119
19 3120
19 3121
19 3122
19 3123
19 3124
19 3125
19 3126
19 3127
19 3128
19 3129
19 3130
19 3131
19 3132
19 3133
19 3134
19 3135
19 3136
19 3137
19 3138
19 3139
19 3140
19 3141
19 3142
19 3143
19 3144
19 3145
19 3146
19 3147
19 3148
19 3149
19 3150
19 3151
19 3152
19 3153
19 3154
19 3155
19 3156
19 3157
19 3158
19 3159
19 3160
19 3161
19 3162
19 3163
19 3164
19 3165
19 3166
19 3167
19 3168
19 3169
19 3170
19 3171
19 3172
19 3173
19 3174
19 3175
19 3176
19 3177
19 3178
19 3179
19 3180
19 3181
19 3182
19 3183
19 3184
19 3185
19 3186
19 3187
19 3188
19 3189
19 3190
19 3191
19 3192
19 3193
19 3194
19 3195
19 3196
19 3197
19 3198
19 3199
19 3200
19 3201
19 3202
19 3203
19 3204
19 3205
19 3206
19 3207
19 3208
19 3209
19 3210
19 3211
19 3212
19 3213
19 3214
19 3215
19 3216
19 3217
19 3218
19 3219
19 3220
19 3221
19 3222
19 3223
19 3224
19 3225
19 3226
19 3227
19 3228
19 3229
19 3230
19 3231
19 3232
19 3233
19 3234
19 3235
19 3236
19 3237
19 3238
19 3239
19 3240
19 3241
19 3242
19 3243
19 3244
19 3245
19 3246
19 3247
19 3248
19 3250
19 3251
19 3252
19 3253
19 3254
19 3255
19 3256
19 3257
19 3258
19 3259
19 3260
19 3261
19 3262
19 3263
19 3264
19 3265
19 3266
19 3268
19 3269
19 3270
19 3271
19 3272
19 3273
19 3274
19 3275
19 3276
19 3277
19 3278
19 3279
19 3280
19 3281
19 3282
19 3283
19 3284
19 3285
19 3286
19 3287
19 3288
19 3289
19 3290
19 3291
19 3292
19 3293
19 3294
19 3295
19 3296
19 3297
19 3298
19 3299
19 3300
19 3301
19 3302
19 3303
19 3304
19 3305
19 3306
19 3307
19 3308
19 3309
19 3310
19 3311
19 3312
19 3313
19 3314
19 3315
19 3316
19 3317
19 3318
19 3319
19 3320
19 3321
19 3322
19 3323
19 3324
19 3325
19 3326
19 3327
19 3328
19 3329
19 3330
19 3331
19 3332
19 3333
19 3334
19 3335
19 3336
19 3337
19 3338
19 3339
19 3340
19 3341
19 3342
19 3343
19 3344
19 3345
19 3346
19 3347
19 3348
19 3349
19 3350
19 3351
19 3352
19 3353
19 3354
19 3355
19 3356
19 3357
19 3358
19 3359
19 3360
19 3361
19 3362
19 3363
19 3364
19 3365
19 3366
19 3367
19 3368
19 3369
19 3370
19 3371
19 3372
19 3373
19 3374
19 3375
19 3376
19 3377
19 3378
19 3379
19 3380
19 3381
19 3382
19 3383
19 3384
19 3385
19 3386
19 3387
19 3388
19 3389
19 3390
19 3391
19 3392
19 3393
19 3394
19 3395
19 3396
19 3397
19 3398
19 3399
19 3400
19 3401
19 3402
19 3403
19 3404
19 3405
19 3406
19 3407
19 3408
19 3409
19 3410
19 3411
19 3412
19 3413
19 3414
19 3415
19 3416
19 3417
19 3418
19 3419
19 3420
19 3421
19 3422
19 3423
19 3424
19 3425
19 3426
19 3427
19 3428
19 3429
19 3430
19 3431
19 3432
19 3433
19 3434
19 3435
19 3436
19 3437
19 3438
19 3439
19 3440
19 3441
19 3442
19 3443
19 3444
19 3445
19 3446
19 3447
19 3448
19 3449
19 3450
19 3451
19 3452
19 3453
19 3454
19 3455
19 3456
19 3457
19 3458
19 3459
19 3460
19 3461
19 3462
19 3463
19 3464
19 3465
19 3466
19 3467
19 3468
19 3469
19 3470
19 3471
19 3472
19 3473
19 3474
19 3475
19 3476
19 3477
19 3478
19 3479
19 3480
19 3481
19 3482
19 3483
19 3484
19 3485
19 3486
19 3487
19 3488
19 3489
19 3490
19 3491
19 3492
19 3493
19 3494
19 3495
19 3496
19 3497
19 3498
19 3499
19 3500
19 3501
19 3502
19 3503
19 3504
19 3505
19 3506
